 2001.272  18 4 10 14 15 53.000
 2001.272  18 4 10 14 15 54.000
 1995.863  18 4 10 14 15 55.000
 1998.305  18 4 10 14 15 56.000
 1996.176  18 4 10 14 15 57.000
 1997.976  18 4 10 14 15 58.000
 1995.990  18 4 10 14 15 59.000
 1996.438  18 4 10 14 16 0.000
 1995.838  18 4 10 14 16 1.000
 1993.375  18 4 10 14 16 2.000
 1993.793  18 4 10 14 16 3.000
 1993.676  18 4 10 14 16 4.000
 1993.987  18 4 10 14 16 5.000
 1993.366  18 4 10 14 16 6.000
 1991.827  18 4 10 14 16 7.000
 1992.953  18 4 10 14 16 8.000
 1992.347  18 4 10 14 16 9.000
 1991.999  18 4 10 14 16 10.000
 1991.157  18 4 10 14 16 11.000
 1988.704  18 4 10 14 16 12.000
 1991.050  18 4 10 14 16 13.000
 1989.987  18 4 10 14 16 14.000
 1989.000  18 4 10 14 16 15.000
 1989.067  18 4 10 14 16 16.000
 1988.572  18 4 10 14 16 17.000
 1989.396  18 4 10 14 16 18.000
 1987.627  18 4 10 14 16 19.000
 1988.077  18 4 10 14 16 20.000
 1986.667  18 4 10 14 16 21.000
 1984.761  18 4 10 14 16 22.000
 1984.471  18 4 10 14 16 23.000
 1984.640  18 4 10 14 16 24.000
 1984.078  18 4 10 14 16 25.000
 1984.168  18 4 10 14 16 26.000
 1984.458  18 4 10 14 16 27.000
 1981.052  18 4 10 14 16 28.000
 1981.400  18 4 10 14 16 29.000
 1980.605  18 4 10 14 16 30.000
 1981.751  18 4 10 14 16 31.000
 1980.680  18 4 10 14 16 32.000
 1980.350  18 4 10 14 16 33.000
 1979.445  18 4 10 14 16 34.000
 1979.479  18 4 10 14 16 35.000
 1978.598  18 4 10 14 16 36.000
 1978.308  18 4 10 14 16 37.000
 1977.870  18 4 10 14 16 38.000
 1977.370  18 4 10 14 16 39.000
 1976.500  18 4 10 14 16 40.000
 1976.158  18 4 10 14 16 41.000
 1975.771  18 4 10 14 16 42.000
 1975.199  18 4 10 14 16 43.000
 1974.699  18 4 10 14 16 44.000
 1974.140  18 4 10 14 16 45.000
 1973.835  18 4 10 14 16 46.000
 1973.210  18 4 10 14 16 47.000
 1972.633  18 4 10 14 16 48.000
 1972.306  18 4 10 14 16 49.000
 1971.755  18 4 10 14 16 50.000
 1970.948  18 4 10 14 16 51.000
 1971.080  18 4 10 14 16 52.000
 1969.708  18 4 10 14 16 53.000
 1969.695  18 4 10 14 16 54.000
 1969.104  18 4 10 14 16 55.000
 1968.719  18 4 10 14 16 56.000
 1967.993  18 4 10 14 16 57.000
 1967.570  18 4 10 14 16 58.000
 1967.295  18 4 10 14 16 59.000
 1966.424  18 4 10 14 17 0.000
 1966.441  18 4 10 14 17 1.000
 1965.451  18 4 10 14 17 2.000
 1964.989  18 4 10 14 17 3.000
 1964.212  18 4 10 14 17 4.000
 1964.363  18 4 10 14 17 5.000
 1963.516  18 4 10 14 17 6.000
 1963.038  18 4 10 14 17 7.000
 1962.578  18 4 10 14 17 8.000
 1962.622  18 4 10 14 17 9.000
 1962.036  18 4 10 14 17 10.000
 1960.905  18 4 10 14 17 11.000
 1960.556  18 4 10 14 17 12.000
 1960.313  18 4 10 14 17 13.000
 1959.692  18 4 10 14 17 14.000
 1959.908  18 4 10 14 17 15.000
