-4047.457  18 4 10 14 15 35.000
-4047.457  18 4 10 14 15 36.000
-4047.457  18 4 10 14 15 37.000
-4047.457  18 4 10 14 15 38.000
-4047.457  18 4 10 14 15 39.000
-4047.457  18 4 10 14 15 40.000
-4047.457  18 4 10 14 15 41.000
-4047.457  18 4 10 14 15 42.000
-4047.457  18 4 10 14 15 43.000
-4047.457  18 4 10 14 15 44.000
-4049.369  18 4 10 14 17 5.000
-4049.369  18 4 10 14 17 6.000
-4049.369  18 4 10 14 17 7.000
-4049.369  18 4 10 14 17 8.000
-4049.369  18 4 10 14 17 9.000
-4049.369  18 4 10 14 17 10.000
-4049.369  18 4 10 14 17 11.000
-4049.369  18 4 10 14 17 12.000
-4049.369  18 4 10 14 17 13.000
-4049.369  18 4 10 14 17 14.000
