 3606.937  18 4 10 14 15 34.000
 3606.937  18 4 10 14 15 35.000
 3606.937  18 4 10 14 15 36.000
 3606.937  18 4 10 14 15 37.000
 3606.937  18 4 10 14 15 38.000
 3606.937  18 4 10 14 15 39.000
 3606.937  18 4 10 14 15 40.000
 3606.937  18 4 10 14 15 41.000
 3606.937  18 4 10 14 15 42.000
 3606.937  18 4 10 14 15 43.000
 3606.937  18 4 10 14 15 44.000
 3587.000  18 4 10 14 16 56.000
 3587.000  18 4 10 14 16 57.000
 3587.000  18 4 10 14 16 58.000
 3587.000  18 4 10 14 16 59.000
 3587.000  18 4 10 14 17 0.000
 3587.000  18 4 10 14 17 1.000
