  679.896  18 4 10 14 15 33.000
  672.273  18 4 10 14 15 33.000
  665.838  18 4 10 14 15 33.000
  668.384  18 4 10 14 15 33.000
  669.582  18 4 10 14 15 33.000
  668.381  18 4 10 14 15 33.000
  664.362  18 4 10 14 15 34.000
  658.304  18 4 10 14 15 35.000
  680.636  18 4 10 14 15 36.000
  655.449  18 4 10 14 15 37.000
  669.401  18 4 10 14 15 38.000
  663.449  18 4 10 14 15 39.000
  666.319  18 4 10 14 15 40.000
  659.642  18 4 10 14 15 41.000
  664.787  18 4 10 14 15 42.000
  659.917  18 4 10 14 15 43.000
  660.043  18 4 10 14 15 44.000
  653.229  18 4 10 14 15 45.000
  658.158  18 4 10 14 15 46.000
  658.571  18 4 10 14 15 47.000
  657.075  18 4 10 14 15 48.000
  657.075  18 4 10 14 15 49.000
  657.075  18 4 10 14 15 50.000
  657.075  18 4 10 14 15 51.000
  657.075  18 4 10 14 15 52.000
  651.674  18 4 10 14 15 53.000
  651.674  18 4 10 14 15 54.000
  662.762  18 4 10 14 15 55.000
  653.775  18 4 10 14 15 56.000
  654.216  18 4 10 14 15 57.000
  654.216  18 4 10 14 15 58.000
  654.216  18 4 10 14 15 59.000
  652.825  18 4 10 14 16 0.000
  652.825  18 4 10 14 16 1.000
  654.522  18 4 10 14 16 2.000
  652.383  18 4 10 14 16 3.000
  652.383  18 4 10 14 16 4.000
  647.682  18 4 10 14 16 5.000
  647.682  18 4 10 14 16 6.000
  650.719  18 4 10 14 16 7.000
  651.265  18 4 10 14 16 8.000
  647.809  18 4 10 14 16 9.000
  645.335  18 4 10 14 16 10.000
  651.367  18 4 10 14 16 11.000
  647.662  18 4 10 14 16 12.000
  647.662  18 4 10 14 16 13.000
  647.604  18 4 10 14 16 14.000
  641.683  18 4 10 14 16 15.000
  645.394  18 4 10 14 16 16.000
  633.773  18 4 10 14 16 17.000
  641.011  18 4 10 14 16 18.000
  641.106  18 4 10 14 16 19.000
  641.106  18 4 10 14 16 20.000
  638.775  18 4 10 14 16 21.000
  638.775  18 4 10 14 16 22.000
  638.775  18 4 10 14 16 23.000
  645.876  18 4 10 14 16 24.000
  645.876  18 4 10 14 16 25.000
  635.219  18 4 10 14 16 26.000
  635.219  18 4 10 14 16 27.000
  643.675  18 4 10 14 16 28.000
  636.685  18 4 10 14 16 29.000
  636.685  18 4 10 14 16 30.000
  632.706  18 4 10 14 16 31.000
  638.139  18 4 10 14 16 32.000
  637.122  18 4 10 14 16 33.000
  636.615  18 4 10 14 16 34.000
  635.144  18 4 10 14 16 35.000
  622.253  18 4 10 14 16 36.000
  634.391  18 4 10 14 16 37.000
  632.091  18 4 10 14 16 38.000
  631.535  18 4 10 14 16 39.000
  630.131  18 4 10 14 16 40.000
  629.908  18 4 10 14 16 41.000
  626.250  18 4 10 14 16 42.000
  625.306  18 4 10 14 16 43.000
  627.374  18 4 10 14 16 44.000
  622.493  18 4 10 14 16 45.000
  627.606  18 4 10 14 16 46.000
  623.478  18 4 10 14 16 47.000
  618.926  18 4 10 14 16 48.000
  620.176  18 4 10 14 16 49.000
  620.965  18 4 10 14 16 50.000
  623.042  18 4 10 14 16 51.000
  623.042  18 4 10 14 16 52.000
  621.971  18 4 10 14 16 53.000
  623.557  18 4 10 14 16 54.000
  619.439  18 4 10 14 16 55.000
  623.207  18 4 10 14 16 56.000
  623.207  18 4 10 14 16 57.000
  623.207  18 4 10 14 16 58.000
  620.861  18 4 10 14 16 59.000
  620.861  18 4 10 14 17 0.000
  618.355  18 4 10 14 17 1.000
  618.355  18 4 10 14 17 2.000
  614.714  18 4 10 14 17 3.000
  614.714  18 4 10 14 17 4.000
  608.877  18 4 10 14 17 5.000
  608.877  18 4 10 14 17 6.000
  613.275  18 4 10 14 17 7.000
  613.275  18 4 10 14 17 8.000
  613.275  18 4 10 14 17 9.000
  613.275  18 4 10 14 17 10.000
