-3297.283  18 4 10 14 15 33.000
-3287.378  18 4 10 14 15 33.000
-3292.377  18 4 10 14 15 34.000
-3294.422  18 4 10 14 15 35.000
-3294.220  18 4 10 14 15 36.000
-3298.452  18 4 10 14 15 37.000
-3299.038  18 4 10 14 15 38.000
-3294.740  18 4 10 14 15 39.000
-3298.342  18 4 10 14 15 40.000
-3287.181  18 4 10 14 15 41.000
-3296.573  18 4 10 14 15 42.000
-3297.989  18 4 10 14 15 43.000
-3295.155  18 4 10 14 15 44.000
-3301.379  18 4 10 14 15 45.000
-3293.037  18 4 10 14 15 46.000
-3290.550  18 4 10 14 15 47.000
-3297.203  18 4 10 14 15 48.000
-3307.042  18 4 10 14 15 49.000
-3302.137  18 4 10 14 15 50.000
-3302.398  18 4 10 14 15 51.000
-3302.398  18 4 10 14 15 52.000
-3302.398  18 4 10 14 15 53.000
-3302.398  18 4 10 14 15 54.000
-3307.698  18 4 10 14 15 55.000
-3306.197  18 4 10 14 16 11.000
-3310.266  18 4 10 14 16 12.000
-3309.842  18 4 10 14 16 13.000
-3307.582  18 4 10 14 16 14.000
-3316.893  18 4 10 14 16 15.000
-3315.601  18 4 10 14 16 16.000
-3312.323  18 4 10 14 16 17.000
-3317.734  18 4 10 14 16 18.000
-3313.569  18 4 10 14 16 19.000
-3304.020  18 4 10 14 16 20.000
-3316.738  18 4 10 14 16 21.000
-3311.547  18 4 10 14 16 22.000
-3311.250  18 4 10 14 16 23.000
-3311.248  18 4 10 14 16 24.000
-3311.831  18 4 10 14 16 25.000
-3314.469  18 4 10 14 16 26.000
-3306.266  18 4 10 14 16 27.000
-3320.871  18 4 10 14 16 28.000
-3312.398  18 4 10 14 16 29.000
-3311.780  18 4 10 14 16 30.000
-3314.183  18 4 10 14 16 31.000
-3315.473  18 4 10 14 16 32.000
-3320.039  18 4 10 14 16 33.000
-3310.287  18 4 10 14 16 34.000
-3316.896  18 4 10 14 16 35.000
-3315.831  18 4 10 14 16 36.000
-3314.355  18 4 10 14 16 37.000
-3321.100  18 4 10 14 16 38.000
-3327.922  18 4 10 14 16 39.000
-3323.930  18 4 10 14 16 40.000
-3312.644  18 4 10 14 16 41.000
-3311.896  18 4 10 14 16 42.000
-3319.156  18 4 10 14 16 43.000
-3317.779  18 4 10 14 16 44.000
-3330.421  18 4 10 14 16 45.000
-3317.288  18 4 10 14 16 46.000
-3323.334  18 4 10 14 16 47.000
-3327.354  18 4 10 14 16 48.000
-3317.410  18 4 10 14 16 49.000
-3312.510  18 4 10 14 16 50.000
-3324.014  18 4 10 14 16 51.000
-3321.848  18 4 10 14 16 52.000
-3319.350  18 4 10 14 16 53.000
-3326.586  18 4 10 14 16 54.000
-3325.960  18 4 10 14 16 55.000
-3322.792  18 4 10 14 16 56.000
-3324.041  18 4 10 14 16 57.000
-3324.947  18 4 10 14 16 58.000
-3324.947  18 4 10 14 16 59.000
-3326.743  18 4 10 14 17 0.000
-3326.743  18 4 10 14 17 1.000
-3326.743  18 4 10 14 17 2.000
