 2002.077  18 4 10 14 15 33.000
 2003.151  18 4 10 14 15 34.000
 2003.151  18 4 10 14 15 35.000
 2007.940  18 4 10 14 15 36.000
 2003.229  18 4 10 14 15 37.000
 2003.229  18 4 10 14 15 38.000
 2003.229  18 4 10 14 15 39.000
 2003.229  18 4 10 14 15 40.000
 2002.605  18 4 10 14 15 41.000
 2002.605  18 4 10 14 15 42.000
 2002.605  18 4 10 14 15 43.000
 2002.605  18 4 10 14 15 44.000
 2002.605  18 4 10 14 15 45.000
 2002.605  18 4 10 14 15 46.000
 2000.967  18 4 10 14 15 47.000
 1995.990  18 4 10 14 15 48.000
 1995.990  18 4 10 14 15 49.000
 1995.990  18 4 10 14 15 50.000
 1989.834  18 4 10 14 15 51.000
 1995.652  18 4 10 14 15 52.000
 1992.142  18 4 10 14 15 53.000
 1994.164  18 4 10 14 15 54.000
 1989.479  18 4 10 14 15 55.000
 1997.166  18 4 10 14 15 56.000
 1993.039  18 4 10 14 15 57.000
 1991.662  18 4 10 14 15 58.000
 1991.793  18 4 10 14 15 59.000
 1989.168  18 4 10 14 16 0.000
 1989.273  18 4 10 14 16 1.000
 1994.851  18 4 10 14 16 2.000
 1992.805  18 4 10 14 16 3.000
 1983.312  18 4 10 14 16 4.000
 1991.088  18 4 10 14 16 5.000
 1989.841  18 4 10 14 16 6.000
 1984.863  18 4 10 14 16 7.000
 1977.301  18 4 10 14 16 8.000
 1988.223  18 4 10 14 16 9.000
 1979.464  18 4 10 14 16 10.000
 1979.922  18 4 10 14 16 11.000
 1977.077  18 4 10 14 16 12.000
 1985.179  18 4 10 14 16 13.000
 1974.392  18 4 10 14 16 14.000
 1978.194  18 4 10 14 16 15.000
 1986.094  18 4 10 14 16 16.000
 1977.908  18 4 10 14 16 17.000
 1979.652  18 4 10 14 16 18.000
 1991.242  18 4 10 14 16 19.000
 1978.665  18 4 10 14 16 20.000
 1984.930  18 4 10 14 16 21.000
 1985.191  18 4 10 14 16 22.000
 1985.191  18 4 10 14 16 23.000
 1985.191  18 4 10 14 16 24.000
 1985.191  18 4 10 14 16 28.000
 1985.191  18 4 10 14 16 30.000
 1985.191  18 4 10 14 16 32.000
 1985.191  18 4 10 14 16 33.000
 1985.191  18 4 10 14 16 34.000
 1969.304  18 4 10 14 16 41.000
 1967.203  18 4 10 14 16 42.000
 1967.203  18 4 10 14 16 43.000
 1967.203  18 4 10 14 16 44.000
 1967.203  18 4 10 14 16 45.000
 1967.203  18 4 10 14 16 46.000
 1967.203  18 4 10 14 16 47.000
 1967.203  18 4 10 14 16 48.000
 1968.520  18 4 10 14 16 49.000
 1968.520  18 4 10 14 16 50.000
 1958.744  18 4 10 14 16 51.000
 1958.744  18 4 10 14 16 52.000
 1958.744  18 4 10 14 16 53.000
 1958.744  18 4 10 14 16 54.000
 1968.323  18 4 10 14 16 55.000
 1966.985  18 4 10 14 16 56.000
 1966.985  18 4 10 14 16 57.000
 1966.956  18 4 10 14 16 58.000
 1966.956  18 4 10 14 16 59.000
 1966.956  18 4 10 14 17 0.000
 1966.956  18 4 10 14 17 1.000
 1966.956  18 4 10 14 17 2.000
