Speed (m/s) | Heading (deg) | Time (sec)
    0.000427     170.820881         556
    0.077363     175.578308         557
    0.154510     175.723296         558
    0.231363     167.081241         559
    0.307214     194.820143         560
    0.384771     195.591701         561
    0.481391     173.497752         562
    0.582742     271.984097         563
    0.709414      63.830899         564
    0.819817      24.362000         565
    0.904801       4.052627         566
    0.967237       4.831432         567
    1.032370       5.131212         568
    1.110164       5.394372         569
    1.195079       5.659510         570
    1.280594       5.614106         571
    1.360952       5.663480         572
    1.446406       5.945651         573
    1.534903       6.057976         574
    1.628844       6.114766         575
    1.727965       6.009553         576
    1.821842       6.011951         577
    1.909644       6.087899         578
    1.996599       5.981750         579
    2.085543       6.155831         580
    2.171055       6.143650         581
    2.258882       6.172786         582
    2.342831       6.047789         583
    2.428813       5.985708         584
    2.516690       6.014695         585
    2.601151       5.980871         587
    2.688917       4.303881         588
    2.762303     356.327302         589
    2.869253     349.279636         590
    3.010337     112.954956         591
    3.060058      12.522215         592
    3.089193     300.922222         593
    3.178455       3.344110         594
    3.226999     275.586718         595
    3.257123     329.564921         596
    3.326128       7.371289         597
    3.412950       5.714515         598
    3.499406       5.832614         599
    3.586289       6.467276         600
    3.676208       6.317513         601
    3.757791       6.015748         602
    3.821128      15.042844         603
    3.922419      11.321288         604
    4.026092     352.495881         605
    4.114242     330.381062         606
    4.186481     180.661594         607
    4.247184     267.016547         608
    4.320582     268.326078         609
    4.403072     267.480336         610
    4.485331     268.740381         611
    4.568898     269.293295         612
    4.653011     268.497991         613
    4.736107     268.622502         614
    4.828034     268.422986         615
    4.912825     258.335020         616
    4.980566     353.381538         617
    5.056623     322.238348         618
    5.147201       3.771671         619
    5.245374       8.504817         620
    5.338646      20.401741         621
    5.442963       1.485157         622
    5.525943     328.409591         623
    5.609582     328.915091         624
    5.690941     328.911613         625
    5.773501     328.931644         626
    5.855977     328.879939         627
    5.939071     328.922182         628
    6.017353     329.058709         629
    6.100665     329.068152         630
