-1301.658  18 5 8 13 44 3.003
-1305.997  18 5 8 13 44 3.003
-1317.567  18 5 8 13 44 3.003
-1312.134  18 5 8 13 44 4.003
-1316.687  18 5 8 13 44 5.003
-1307.229  18 5 8 13 44 6.003
-1307.824  18 5 8 13 44 7.003
-1310.227  18 5 8 13 44 8.003
-1310.773  18 5 8 13 44 9.003
-1313.018  18 5 8 13 44 10.003
-1313.018  18 5 8 13 44 11.003
-1312.222  18 5 8 13 44 12.003
-1312.871  18 5 8 13 44 13.003
-1309.006  18 5 8 13 44 14.003
-1307.408  18 5 8 13 44 15.003
-1323.423  18 5 8 13 44 16.003
-1310.110  18 5 8 13 44 17.003
-1313.686  18 5 8 13 44 18.003
-1316.108  18 5 8 13 44 19.003
-1316.733  18 5 8 13 44 20.003
-1316.563  18 5 8 13 44 21.003
-1317.805  18 5 8 13 44 22.003
-1319.329  18 5 8 13 44 23.003
-1320.054  18 5 8 13 44 24.003
-1319.949  18 5 8 13 44 25.003
-1320.784  18 5 8 13 44 26.003
-1321.294  18 5 8 13 44 27.003
-1322.833  18 5 8 13 44 28.003
-1321.521  18 5 8 13 44 29.003
-1323.054  18 5 8 13 44 30.003
-1324.061  18 5 8 13 44 31.003
-1324.723  18 5 8 13 44 32.003
-1325.237  18 5 8 13 44 33.003
-1326.360  18 5 8 13 44 34.003
-1325.928  18 5 8 13 44 35.003
-1326.011  18 5 8 13 44 36.003
-1326.531  18 5 8 13 44 37.003
-1326.021  18 5 8 13 44 38.003
-1327.524  18 5 8 13 44 39.003
-1328.799  18 5 8 13 44 40.003
-1328.167  18 5 8 13 44 41.003
-1331.709  18 5 8 13 44 42.003
-1331.765  18 5 8 13 44 43.003
-1331.552  18 5 8 13 44 44.003
-1332.118  18 5 8 13 44 45.003
-1332.733  18 5 8 13 44 46.003
-1333.568  18 5 8 13 44 47.003
-1334.229  18 5 8 13 44 48.003
-1333.718  18 5 8 13 44 49.003
-1334.363  18 5 8 13 44 50.003
-1335.858  18 5 8 13 44 51.003
-1336.454  18 5 8 13 44 52.003
-1335.862  18 5 8 13 44 53.003
-1337.465  18 5 8 13 44 54.003
-1338.909  18 5 8 13 44 55.003
-1337.463  18 5 8 13 44 56.003
-1338.907  18 5 8 13 44 57.003
-1340.013  18 5 8 13 44 58.003
-1339.686  18 5 8 13 44 59.003
-1339.930  18 5 8 13 45 0.003
-1339.361  18 5 8 13 45 1.003
-1342.845  18 5 8 13 45 2.003
-1341.932  18 5 8 13 45 3.003
-1345.903  18 5 8 13 45 4.003
-1345.903  18 5 8 13 45 5.003
-1349.362  18 5 8 13 45 18.003
-1349.664  18 5 8 13 45 19.003
-1350.067  18 5 8 13 45 20.003
-1351.112  18 5 8 13 45 21.003
-1350.198  18 5 8 13 45 22.003
-1351.706  18 5 8 13 45 23.003
-1352.767  18 5 8 13 45 24.003
-1352.583  18 5 8 13 45 25.003
-1353.189  18 5 8 13 45 26.003
-1353.527  18 5 8 13 45 27.003
-1353.932  18 5 8 13 45 28.003
-1354.241  18 5 8 13 45 29.003
-1355.516  18 5 8 13 45 30.003
-1356.814  18 5 8 13 45 31.003
-1356.915  18 5 8 13 45 32.003
-1357.503  18 5 8 13 45 33.003
-1360.176  18 5 8 13 45 34.003
-1356.927  18 5 8 13 45 35.003
-1349.390  18 5 8 13 45 36.003
-1366.609  18 5 8 13 45 37.003
-1364.265  18 5 8 13 45 38.003
-1361.982  18 5 8 13 45 39.003
-1365.032  18 5 8 13 45 40.003
-1366.337  18 5 8 13 45 41.003
-1367.324  18 5 8 13 45 42.003
-1377.654  18 5 8 13 45 43.003
-1367.107  18 5 8 13 45 44.003
-1363.532  18 5 8 13 45 45.003
-1372.822  18 5 8 13 45 46.003
-1382.998  18 5 8 13 45 47.003
-1372.134  18 5 8 13 45 48.003
-1377.075  18 5 8 13 45 49.003
-1364.478  18 5 8 13 45 50.003
-1376.480  18 5 8 13 45 51.003
-1375.501  18 5 8 13 45 52.003
-1381.920  18 5 8 13 45 53.003
-1376.825  18 5 8 13 45 54.003
-1368.853  18 5 8 13 45 55.003
-1390.194  18 5 8 13 45 56.003
-1378.075  18 5 8 13 45 57.003
-1388.881  18 5 8 13 45 59.003
-1392.522  18 5 8 13 46 0.003
-1376.653  18 5 8 13 46 1.003
-1387.279  18 5 8 13 46 2.003
-1387.390  18 5 8 13 46 3.003
-1387.286  18 5 8 13 46 5.003
-1390.389  18 5 8 13 46 6.003
-1390.021  18 5 8 13 46 7.003
-1391.187  18 5 8 13 46 8.003
-1391.896  18 5 8 13 46 9.003
-1392.111  18 5 8 13 46 10.003
-1392.774  18 5 8 13 46 11.003
-1394.820  18 5 8 13 46 12.003
-1395.500  18 5 8 13 46 13.003
-1395.292  18 5 8 13 46 14.003
-1396.907  18 5 8 13 46 15.003
-1398.384  18 5 8 13 46 16.003
-1398.250  18 5 8 13 46 17.003
-1399.208  18 5 8 13 46 18.003
-1400.244  18 5 8 13 46 19.003
-1401.130  18 5 8 13 46 20.003
-1400.637  18 5 8 13 46 21.003
-1402.628  18 5 8 13 46 22.003
-1403.491  18 5 8 13 46 23.003
-1404.077  18 5 8 13 46 24.003
-1405.644  18 5 8 13 46 25.003
-1405.281  18 5 8 13 46 26.003
-1405.458  18 5 8 13 46 27.003
-1407.059  18 5 8 13 46 28.003
-1407.445  18 5 8 13 46 29.003
-1408.703  18 5 8 13 46 30.003
-1409.550  18 5 8 13 46 31.003
-1410.574  18 5 8 13 46 32.003
-1411.947  18 5 8 13 46 33.003
-1412.263  18 5 8 13 46 34.003
-1413.078  18 5 8 13 46 35.003
-1414.873  18 5 8 13 46 36.003
-1416.417  18 5 8 13 46 37.003
-1416.210  18 5 8 13 46 38.003
-1417.367  18 5 8 13 46 39.003
-1418.913  18 5 8 13 46 40.003
-1418.771  18 5 8 13 46 41.003
-1419.913  18 5 8 13 46 42.003
-1418.963  18 5 8 13 46 43.003
-1419.828  18 5 8 13 46 44.003
-1430.569  18 5 8 13 46 45.003
-1418.841  18 5 8 13 46 46.003
-1420.957  18 5 8 13 46 47.003
-1430.225  18 5 8 13 46 48.003
-1430.225  18 5 8 13 46 49.003
-1422.899  18 5 8 13 46 50.003
-1421.656  18 5 8 13 46 51.003
-1425.844  18 5 8 13 46 52.003
-1426.820  18 5 8 13 46 53.003
-1423.534  18 5 8 13 46 54.003
-1428.744  18 5 8 13 46 55.003
-1427.880  18 5 8 13 46 56.003
-1427.702  18 5 8 13 46 57.003
-1427.702  18 5 8 13 46 58.003
-1430.184  18 5 8 13 46 59.003
-1434.186  18 5 8 13 47 0.003
-1433.735  18 5 8 13 47 1.003
-1435.287  18 5 8 13 47 8.003
-1435.442  18 5 8 13 47 9.003
-1435.726  18 5 8 13 47 10.003
-1436.342  18 5 8 13 47 11.003
-1436.179  18 5 8 13 47 12.003
-1436.251  18 5 8 13 47 13.003
-1436.180  18 5 8 13 47 14.003
-1436.081  18 5 8 13 47 15.003
-1437.191  18 5 8 13 47 16.003
