-2366.510  18 5 8 13 44 3.003
-2366.162  18 5 8 13 44 4.003
-2366.608  18 5 8 13 44 5.003
-2366.986  18 5 8 13 44 6.003
-2366.492  18 5 8 13 44 7.003
-2367.346  18 5 8 13 44 8.003
-2368.030  18 5 8 13 44 9.003
-2368.457  18 5 8 13 44 10.003
-2368.640  18 5 8 13 44 11.003
-2369.342  18 5 8 13 44 12.003
-2369.177  18 5 8 13 44 13.003
-2370.081  18 5 8 13 44 14.003
-2370.734  18 5 8 13 44 15.003
-2370.319  18 5 8 13 44 16.003
-2370.947  18 5 8 13 44 17.003
-2372.095  18 5 8 13 44 18.003
-2371.771  18 5 8 13 44 19.003
-2373.053  18 5 8 13 44 20.003
-2373.993  18 5 8 13 44 21.003
-2374.347  18 5 8 13 44 22.003
-2374.762  18 5 8 13 44 23.003
-2376.056  18 5 8 13 44 24.003
-2377.100  18 5 8 13 44 25.003
-2377.350  18 5 8 13 44 26.003
-2376.947  18 5 8 13 44 27.003
-2377.899  18 5 8 13 44 28.003
-2378.986  18 5 8 13 44 29.003
-2379.321  18 5 8 13 44 30.003
-2379.889  18 5 8 13 44 31.003
-2380.414  18 5 8 13 44 32.003
-2380.707  18 5 8 13 44 33.003
-2381.348  18 5 8 13 44 34.003
-2382.007  18 5 8 13 44 35.003
-2382.965  18 5 8 13 44 36.003
-2383.246  18 5 8 13 44 37.003
-2383.459  18 5 8 13 44 38.003
-2383.685  18 5 8 13 44 39.003
-2383.185  18 5 8 13 44 40.003
-2383.325  18 5 8 13 44 41.003
-2384.650  18 5 8 13 44 42.003
-2385.400  18 5 8 13 44 43.003
-2386.523  18 5 8 13 44 44.003
-2387.695  18 5 8 13 44 45.003
-2387.335  18 5 8 13 44 46.003
-2388.098  18 5 8 13 44 47.003
-2388.617  18 5 8 13 44 48.003
-2389.490  18 5 8 13 44 49.003
-2389.813  18 5 8 13 44 50.003
-2389.624  18 5 8 13 44 51.003
-2389.941  18 5 8 13 44 52.003
-2390.973  18 5 8 13 44 53.003
-2392.023  18 5 8 13 44 54.003
-2391.968  18 5 8 13 44 55.003
-2392.987  18 5 8 13 44 56.003
-2393.652  18 5 8 13 44 57.003
-2393.433  18 5 8 13 44 58.003
-2393.927  18 5 8 13 44 59.003
-2394.958  18 5 8 13 45 0.003
-2394.617  18 5 8 13 45 1.003
-2395.184  18 5 8 13 45 2.003
-2395.691  18 5 8 13 45 3.003
-2395.850  18 5 8 13 45 4.003
-2396.997  18 5 8 13 45 5.003
-2397.577  18 5 8 13 45 6.003
-2398.077  18 5 8 13 45 7.003
-2398.468  18 5 8 13 45 8.003
-2398.853  18 5 8 13 45 9.003
-2398.828  18 5 8 13 45 10.003
-2399.078  18 5 8 13 45 11.003
-2399.554  18 5 8 13 45 12.003
-2400.018  18 5 8 13 45 13.003
-2399.762  18 5 8 13 45 14.003
-2400.842  18 5 8 13 45 15.003
-2401.666  18 5 8 13 45 16.003
-2401.221  18 5 8 13 45 17.003
-2401.764  18 5 8 13 45 18.003
-2402.795  18 5 8 13 45 19.003
-2402.753  18 5 8 13 45 20.003
-2403.711  18 5 8 13 45 21.003
-2403.448  18 5 8 13 45 22.003
-2404.108  18 5 8 13 45 23.003
-2403.870  18 5 8 13 45 24.003
-2405.634  18 5 8 13 45 25.003
-2406.061  18 5 8 13 45 26.003
-2405.688  18 5 8 13 45 27.003
-2406.311  18 5 8 13 45 28.003
-2406.555  18 5 8 13 45 29.003
-2407.172  18 5 8 13 45 30.003
-2407.672  18 5 8 13 45 31.003
-2408.386  18 5 8 13 45 32.003
-2409.515  18 5 8 13 45 33.003
-2409.753  18 5 8 13 45 34.003
-2411.060  18 5 8 13 45 35.003
-2412.604  18 5 8 13 45 36.003
-2413.599  18 5 8 13 45 37.003
-2414.368  18 5 8 13 45 38.003
-2415.460  18 5 8 13 45 39.003
-2416.742  18 5 8 13 45 40.003
-2417.114  18 5 8 13 45 41.003
-2417.841  18 5 8 13 45 42.003
-2418.451  18 5 8 13 45 43.003
-2419.507  18 5 8 13 45 44.003
-2420.453  18 5 8 13 45 45.003
-2421.429  18 5 8 13 45 46.003
-2422.412  18 5 8 13 45 47.003
-2423.187  18 5 8 13 45 48.003
-2423.932  18 5 8 13 45 49.003
-2425.323  18 5 8 13 45 50.003
-2425.922  18 5 8 13 45 51.003
-2426.477  18 5 8 13 45 52.003
-2427.856  18 5 8 13 45 53.003
-2428.638  18 5 8 13 45 54.003
-2429.193  18 5 8 13 45 55.003
-2430.353  18 5 8 13 45 56.003
-2431.610  18 5 8 13 45 57.003
-2432.275  18 5 8 13 45 58.003
-2433.551  18 5 8 13 45 59.003
-2434.491  18 5 8 13 46 0.003
-2435.223  18 5 8 13 46 1.003
-2435.022  18 5 8 13 46 2.003
-2436.670  18 5 8 13 46 3.003
-2437.665  18 5 8 13 46 4.003
-2438.062  18 5 8 13 46 5.003
-2438.776  18 5 8 13 46 6.003
-2439.136  18 5 8 13 46 7.003
-2440.533  18 5 8 13 46 8.003
-2440.350  18 5 8 13 46 9.003
-2441.626  18 5 8 13 46 10.003
-2442.505  18 5 8 13 46 11.003
-2442.603  18 5 8 13 46 12.003
-2443.915  18 5 8 13 46 13.003
-2445.087  18 5 8 13 46 14.003
-2445.258  18 5 8 13 46 15.003
-2445.325  18 5 8 13 46 16.003
-2446.979  18 5 8 13 46 17.003
-2447.449  18 5 8 13 46 18.003
-2448.315  18 5 8 13 46 19.003
-2449.261  18 5 8 13 46 20.003
-2450.006  18 5 8 13 46 21.003
-2450.623  18 5 8 13 46 22.003
-2450.775  18 5 8 13 46 23.003
-2452.252  18 5 8 13 46 24.003
-2452.466  18 5 8 13 46 25.003
-2453.076  18 5 8 13 46 26.003
-2454.401  18 5 8 13 46 27.003
-2454.565  18 5 8 13 46 28.003
-2454.492  18 5 8 13 46 29.003
-2455.371  18 5 8 13 46 30.003
-2456.677  18 5 8 13 46 31.003
-2457.611  18 5 8 13 46 32.003
-2457.697  18 5 8 13 46 33.003
-2459.259  18 5 8 13 46 34.003
-2460.376  18 5 8 13 46 35.003
-2460.712  18 5 8 13 46 36.003
-2462.091  18 5 8 13 46 37.003
-2463.422  18 5 8 13 46 38.003
-2464.056  18 5 8 13 46 39.003
-2464.270  18 5 8 13 46 40.003
-2465.521  18 5 8 13 46 41.003
-2466.748  18 5 8 13 46 42.003
-2467.291  18 5 8 13 46 43.003
-2467.352  18 5 8 13 46 44.003
-2467.328  18 5 8 13 46 45.003
-2467.920  18 5 8 13 46 46.003
-2467.993  18 5 8 13 46 47.003
-2468.732  18 5 8 13 46 48.003
-2468.890  18 5 8 13 46 49.003
-2468.921  18 5 8 13 46 50.003
-2469.769  18 5 8 13 46 51.003
-2470.776  18 5 8 13 46 52.003
-2471.472  18 5 8 13 46 53.003
-2471.539  18 5 8 13 46 54.003
-2472.565  18 5 8 13 46 55.003
-2473.273  18 5 8 13 46 56.003
-2474.115  18 5 8 13 46 57.003
-2474.689  18 5 8 13 46 58.003
-2475.317  18 5 8 13 46 59.003
-2475.134  18 5 8 13 47 0.003
-2476.239  18 5 8 13 47 1.003
-2477.069  18 5 8 13 47 2.003
-2476.996  18 5 8 13 47 3.003
-2478.070  18 5 8 13 47 4.003
-2478.674  18 5 8 13 47 5.003
-2479.346  18 5 8 13 47 6.003
-2479.376  18 5 8 13 47 7.003
-2479.932  18 5 8 13 47 8.003
-2480.139  18 5 8 13 47 9.003
-2481.293  18 5 8 13 47 10.003
-2481.097  18 5 8 13 47 11.003
-2481.219  18 5 8 13 47 12.003
-2481.989  18 5 8 13 47 13.003
-2481.915  18 5 8 13 47 14.003
-2481.366  18 5 8 13 47 15.003
-2482.117  18 5 8 13 47 16.003
-2481.769  18 5 8 13 47 17.003
-2482.141  18 5 8 13 47 18.003
