 3396.540  18 5 11 14 16 58.995
 3395.326  18 5 11 14 16 59.995
 3395.342  18 5 11 14 17 0.995
 3395.822  18 5 11 14 17 1.995
 3395.705  18 5 11 14 17 2.995
 3396.294  18 5 11 14 17 3.995
 3396.950  18 5 11 14 17 4.995
 3396.312  18 5 11 14 17 5.995
 3396.105  18 5 11 14 17 6.995
 3395.632  18 5 11 14 17 7.995
 3395.681  18 5 11 14 17 8.995
 3395.956  18 5 11 14 17 9.995
 3397.079  18 5 11 14 17 10.995
 3397.475  18 5 11 14 17 11.995
 3397.851  18 5 11 14 17 12.995
 3396.746  18 5 11 14 17 13.995
 3397.707  18 5 11 14 17 14.995
 3398.104  18 5 11 14 17 15.995
 3397.971  18 5 11 14 17 16.995
 3398.033  18 5 11 14 17 20.995
 3398.618  18 5 11 14 17 21.995
 3398.321  18 5 11 14 17 26.995
