 3135.040  18 5 11 14 16 45.995
 3134.314  18 5 11 14 16 45.995
 3135.559  18 5 11 14 16 45.995
 3135.114  18 5 11 14 16 45.995
 3134.833  18 5 11 14 16 46.995
 3135.968  18 5 11 14 16 47.995
 3135.284  18 5 11 14 16 48.995
 3135.632  18 5 11 14 16 49.995
 3134.979  18 5 11 14 16 50.995
 3134.692  18 5 11 14 16 51.995
 3134.210  18 5 11 14 16 52.995
 3134.045  18 5 11 14 16 53.995
 3134.595  18 5 11 14 16 54.995
 3135.046  18 5 11 14 16 55.995
 3132.233  18 5 11 14 16 56.995
 3133.026  18 5 11 14 16 57.995
 3133.875  18 5 11 14 16 58.995
 3134.021  18 5 11 14 16 59.995
 3133.075  18 5 11 14 17 0.995
 3133.771  18 5 11 14 17 1.995
 3132.642  18 5 11 14 17 2.995
 3134.021  18 5 11 14 17 3.995
 3131.812  18 5 11 14 17 4.995
 3132.269  18 5 11 14 17 5.995
 3132.458  18 5 11 14 17 6.995
 3131.995  18 5 11 14 17 7.995
 3132.825  18 5 11 14 17 8.995
 3133.948  18 5 11 14 17 9.995
 3131.109  18 5 11 14 17 10.995
 3131.592  18 5 11 14 17 11.995
 3133.203  18 5 11 14 17 12.995
 3132.428  18 5 11 14 17 13.995
 3132.227  18 5 11 14 17 14.995
 3133.136  18 5 11 14 17 15.995
 3131.726  18 5 11 14 17 16.995
 3131.354  18 5 11 14 17 17.995
 3131.012  18 5 11 14 17 18.995
 3131.970  18 5 11 14 17 19.995
 3130.603  18 5 11 14 17 20.995
 3130.353  18 5 11 14 17 21.995
 3131.262  18 5 11 14 17 22.995
 3130.151  18 5 11 14 17 23.995
 3128.979  18 5 11 14 17 24.995
 3128.979  18 5 11 14 17 25.995
 3130.927  18 5 11 14 17 26.995
 3130.603  18 5 11 14 17 27.995
 3130.298  18 5 11 14 17 28.995
 3129.932  18 5 11 14 17 29.995
 3130.676  18 5 11 14 17 30.995
 3130.298  18 5 11 14 17 31.995
 3130.072  18 5 11 14 17 32.995
 3130.041  18 5 11 14 17 33.995
 3129.626  18 5 11 14 17 34.995
 3128.467  18 5 11 14 17 35.995
 3128.424  18 5 11 14 17 36.995
 3129.279  18 5 11 14 17 37.995
 3127.478  18 5 11 14 17 38.995
 3127.527  18 5 11 14 17 39.995
 3127.704  18 5 11 14 17 40.995
 3128.784  18 5 11 14 17 41.995
 3127.850  18 5 11 14 17 42.995
 3127.313  18 5 11 14 17 43.995
 3128.497  18 5 11 14 17 44.995
 3126.507  18 5 11 14 17 45.995
 3127.179  18 5 11 14 17 46.995
 3127.496  18 5 11 14 17 47.995
 3127.331  18 5 11 14 17 48.995
 3127.515  18 5 11 14 17 49.995
 3127.039  18 5 11 14 17 50.995
 3127.460  18 5 11 14 17 51.995
 3127.399  18 5 11 14 17 52.995
 3126.855  18 5 11 14 17 53.995
