-1633.861  18 4 5 12 36 1.995
-1634.329  18 4 5 12 36 1.995
-1632.315  18 4 5 12 36 1.995
-1635.798  18 4 5 12 36 2.995
-1636.873  18 4 5 12 36 3.995
-1634.484  18 4 5 12 36 4.995
-1637.035  18 4 5 12 36 5.995
-1637.797  18 4 5 12 36 6.995
-1635.729  18 4 5 12 36 7.995
-1626.199  18 4 5 12 36 8.995
-1637.492  18 4 5 12 36 9.995
-1645.084  18 4 5 12 36 10.995
-1639.061  18 4 5 12 36 11.995
-1638.741  18 4 5 12 36 12.995
-1644.016  18 4 5 12 36 13.995
-1645.558  18 4 5 12 36 14.995
-1625.013  18 4 5 12 36 15.995
-1647.660  18 4 5 12 36 16.995
-1638.793  18 4 5 12 36 17.995
-1642.328  18 4 5 12 36 18.995
-1642.328  18 4 5 12 36 19.995
-1647.556  18 4 5 12 36 20.995
-1650.803  18 4 5 12 36 21.995
-1639.545  18 4 5 12 36 22.995
-1647.776  18 4 5 12 36 23.995
-1642.287  18 4 5 12 36 24.995
-1646.334  18 4 5 12 36 25.995
-1645.252  18 4 5 12 36 26.995
-1651.116  18 4 5 12 36 27.995
-1649.499  18 4 5 12 36 28.995
-1647.459  18 4 5 12 36 29.995
-1651.007  18 4 5 12 36 30.995
-1653.135  18 4 5 12 36 31.995
-1650.889  18 4 5 12 36 32.995
-1652.172  18 4 5 12 36 33.995
-1648.978  18 4 5 12 36 34.995
-1653.010  18 4 5 12 36 35.995
-1649.858  18 4 5 12 36 36.995
-1651.622  18 4 5 12 36 37.995
-1647.787  18 4 5 12 36 38.995
-1649.948  18 4 5 12 36 39.995
-1645.408  18 4 5 12 36 40.995
-1647.897  18 4 5 12 36 41.995
-1653.795  18 4 5 12 36 42.995
