-1134.019  18 4 5 12 36 1.995
-1134.435  18 4 5 12 36 2.995
-1135.259  18 4 5 12 36 3.995
-1135.548  18 4 5 12 36 4.995
-1137.042  18 4 5 12 36 5.995
-1136.801  18 4 5 12 36 6.995
-1137.474  18 4 5 12 36 7.995
-1138.398  18 4 5 12 36 8.995
-1139.183  18 4 5 12 36 9.995
-1138.889  18 4 5 12 36 10.995
-1139.893  18 4 5 12 36 11.995
-1141.255  18 4 5 12 36 12.995
-1142.165  18 4 5 12 36 13.995
-1141.152  18 4 5 12 36 14.995
-1141.160  18 4 5 12 36 15.995
-1141.867  18 4 5 12 36 16.995
-1142.747  18 4 5 12 36 17.995
-1144.013  18 4 5 12 36 18.995
-1143.383  18 4 5 12 36 19.995
-1145.253  18 4 5 12 36 20.995
-1146.604  18 4 5 12 36 21.995
-1147.237  18 4 5 12 36 22.995
-1147.856  18 4 5 12 36 23.995
-1148.905  18 4 5 12 36 24.995
-1150.475  18 4 5 12 36 25.995
-1150.476  18 4 5 12 36 26.995
-1150.812  18 4 5 12 36 27.995
-1151.957  18 4 5 12 36 28.995
-1152.695  18 4 5 12 36 29.995
-1152.587  18 4 5 12 36 30.995
-1152.964  18 4 5 12 36 31.995
-1154.487  18 4 5 12 36 32.995
-1155.174  18 4 5 12 36 33.995
-1155.473  18 4 5 12 36 34.995
-1156.388  18 4 5 12 36 35.995
-1157.292  18 4 5 12 36 36.995
-1158.111  18 4 5 12 36 37.995
-1158.370  18 4 5 12 36 38.995
-1158.944  18 4 5 12 36 39.995
-1159.701  18 4 5 12 36 40.995
-1160.425  18 4 5 12 36 41.995
-1160.850  18 4 5 12 36 42.995
-1161.744  18 4 5 12 36 43.995
-1162.795  18 4 5 12 36 44.995
