 -588.220  18 4 10 14 15 33.000
 -589.754  18 4 10 14 15 33.000
 -590.940  18 4 10 14 15 33.000
 -591.286  18 4 10 14 15 33.000
 -581.335  18 4 10 14 15 33.000
 -584.136  18 4 10 14 15 34.000
 -589.286  18 4 10 14 15 35.000
 -595.873  18 4 10 14 15 36.000
 -594.712  18 4 10 14 15 37.000
 -596.998  18 4 10 14 15 38.000
 -590.748  18 4 10 14 15 39.000
 -592.014  18 4 10 14 15 40.000
 -588.864  18 4 10 14 15 41.000
 -594.013  18 4 10 14 15 42.000
 -593.544  18 4 10 14 15 43.000
 -592.799  18 4 10 14 15 44.000
 -594.220  18 4 10 14 15 45.000
 -595.427  18 4 10 14 15 46.000
 -595.526  18 4 10 14 15 47.000
 -595.526  18 4 10 14 15 48.000
 -595.526  18 4 10 14 15 49.000
 -600.274  18 4 10 14 15 50.000
 -596.719  18 4 10 14 15 51.000
 -596.719  18 4 10 14 15 52.000
 -595.045  18 4 10 14 15 53.000
 -595.045  18 4 10 14 16 12.000
 -594.927  18 4 10 14 16 13.000
 -594.927  18 4 10 14 16 14.000
 -594.927  18 4 10 14 16 15.000
 -594.927  18 4 10 14 16 16.000
 -594.927  18 4 10 14 16 17.000
 -594.927  18 4 10 14 16 18.000
 -594.927  18 4 10 14 16 19.000
 -594.927  18 4 10 14 16 21.000
 -594.927  18 4 10 14 16 22.000
 -594.927  18 4 10 14 16 23.000
 -594.927  18 4 10 14 16 24.000
 -606.733  18 4 10 14 16 25.000
 -613.881  18 4 10 14 16 26.000
 -605.884  18 4 10 14 16 27.000
 -604.250  18 4 10 14 16 28.000
 -600.890  18 4 10 14 16 36.000
 -599.916  18 4 10 14 16 37.000
 -603.277  18 4 10 14 16 38.000
 -602.456  18 4 10 14 16 39.000
 -607.272  18 4 10 14 16 40.000
 -606.817  18 4 10 14 16 41.000
 -612.708  18 4 10 14 16 42.000
 -608.740  18 4 10 14 16 43.000
 -613.386  18 4 10 14 16 44.000
 -613.033  18 4 10 14 16 45.000
 -616.386  18 4 10 14 16 46.000
 -603.834  18 4 10 14 16 47.000
 -603.834  18 4 10 14 16 48.000
 -612.935  18 4 10 14 16 49.000
 -612.935  18 4 10 14 16 50.000
 -611.840  18 4 10 14 16 51.000
 -611.840  18 4 10 14 16 52.000
 -608.639  18 4 10 14 16 53.000
 -607.772  18 4 10 14 16 54.000
 -609.211  18 4 10 14 16 55.000
 -610.459  18 4 10 14 16 56.000
 -611.151  18 4 10 14 16 57.000
 -610.334  18 4 10 14 16 58.000
 -622.573  18 4 10 14 16 59.000
 -620.316  18 4 10 14 17 0.000
 -606.236  18 4 10 14 17 1.000
 -619.687  18 4 10 14 17 2.000
 -615.685  18 4 10 14 17 3.000
 -615.093  18 4 10 14 17 4.000
 -627.936  18 4 10 14 17 5.000
 -605.349  18 4 10 14 17 6.000
 -616.476  18 4 10 14 17 7.000
 -621.366  18 4 10 14 17 8.000
 -615.153  18 4 10 14 17 9.000
 -618.926  18 4 10 14 17 10.000
 -615.015  18 4 10 14 17 11.000
