  915.300  18 5 8 13 44 3.003
  916.066  18 5 8 13 44 3.003
  915.633  18 5 8 13 44 3.003
  914.919  18 5 8 13 44 3.003
  914.938  18 5 8 13 44 3.003
  914.240  18 5 8 13 44 3.003
  913.484  18 5 8 13 44 3.003
  913.063  18 5 8 13 44 3.003
  913.122  18 5 8 13 44 4.003
  912.035  18 5 8 13 44 5.003
  912.604  18 5 8 13 44 6.003
  910.907  18 5 8 13 44 7.003
  910.714  18 5 8 13 44 8.003
  910.719  18 5 8 13 44 9.003
  909.415  18 5 8 13 44 10.003
  908.855  18 5 8 13 44 11.003
  908.500  18 5 8 13 44 12.003
  907.405  18 5 8 13 44 13.003
  906.466  18 5 8 13 44 14.003
  905.840  18 5 8 13 44 15.003
  905.459  18 5 8 13 44 16.003
  904.419  18 5 8 13 44 17.003
  902.773  18 5 8 13 44 18.003
  902.195  18 5 8 13 44 19.003
  902.275  18 5 8 13 44 20.003
  901.670  18 5 8 13 44 21.003
  900.843  18 5 8 13 44 22.003
  899.908  18 5 8 13 44 23.003
  899.954  18 5 8 13 44 24.003
  898.720  18 5 8 13 44 25.003
  898.597  18 5 8 13 44 26.003
  897.699  18 5 8 13 44 27.003
  896.775  18 5 8 13 44 28.003
  896.061  18 5 8 13 44 29.003
  895.425  18 5 8 13 44 30.003
  895.522  18 5 8 13 44 31.003
  894.976  18 5 8 13 44 32.003
  895.250  18 5 8 13 44 33.003
  895.295  18 5 8 13 44 34.003
  893.610  18 5 8 13 44 35.003
  892.834  18 5 8 13 44 36.003
  892.106  18 5 8 13 44 37.003
  890.852  18 5 8 13 44 38.003
  890.497  18 5 8 13 44 39.003
  890.035  18 5 8 13 44 40.003
  889.027  18 5 8 13 44 41.003
  888.596  18 5 8 13 44 42.003
  887.987  18 5 8 13 44 43.003
  888.098  18 5 8 13 44 44.003
  887.582  18 5 8 13 44 45.003
  886.310  18 5 8 13 44 46.003
  885.327  18 5 8 13 44 47.003
  884.756  18 5 8 13 44 48.003
  884.324  18 5 8 13 44 49.003
  882.787  18 5 8 13 44 50.003
  883.442  18 5 8 13 44 51.003
  882.607  18 5 8 13 44 52.003
  881.897  18 5 8 13 44 53.003
  882.023  18 5 8 13 44 54.003
  881.264  18 5 8 13 44 55.003
  880.817  18 5 8 13 44 56.003
  880.178  18 5 8 13 44 57.003
  879.039  18 5 8 13 44 58.003
  878.464  18 5 8 13 44 59.003
  877.687  18 5 8 13 45 0.003
  877.112  18 5 8 13 45 1.003
  877.272  18 5 8 13 45 2.003
  876.811  18 5 8 13 45 3.003
  876.304  18 5 8 13 45 4.003
  875.261  18 5 8 13 45 5.003
  875.406  18 5 8 13 45 6.003
  875.103  18 5 8 13 45 7.003
  874.119  18 5 8 13 45 8.003
  873.160  18 5 8 13 45 9.003
  873.578  18 5 8 13 45 10.003
  873.014  18 5 8 13 45 11.003
  872.043  18 5 8 13 45 12.003
  871.922  18 5 8 13 45 13.003
  871.066  18 5 8 13 45 14.003
  870.921  18 5 8 13 45 15.003
  870.208  18 5 8 13 45 16.003
  870.516  18 5 8 13 45 17.003
  868.172  18 5 8 13 45 18.003
  867.859  18 5 8 13 45 19.003
  868.488  18 5 8 13 45 20.003
  867.781  18 5 8 13 45 21.003
  866.727  18 5 8 13 45 22.003
  865.867  18 5 8 13 45 23.003
  865.780  18 5 8 13 45 24.003
  864.657  18 5 8 13 45 25.003
  864.136  18 5 8 13 45 26.003
  863.353  18 5 8 13 45 27.003
  861.476  18 5 8 13 45 28.003
  860.037  18 5 8 13 45 29.003
  859.586  18 5 8 13 45 30.003
  858.336  18 5 8 13 45 31.003
  857.335  18 5 8 13 45 32.003
  855.797  18 5 8 13 45 33.003
  855.318  18 5 8 13 45 34.003
  854.742  18 5 8 13 45 35.003
  853.460  18 5 8 13 45 36.003
  852.540  18 5 8 13 45 37.003
  851.202  18 5 8 13 45 38.003
  850.652  18 5 8 13 45 39.003
  849.432  18 5 8 13 45 40.003
  848.535  18 5 8 13 45 41.003
  847.730  18 5 8 13 45 42.003
  846.006  18 5 8 13 45 43.003
  845.464  18 5 8 13 45 44.003
  845.006  18 5 8 13 45 45.003
  843.236  18 5 8 13 45 46.003
  842.534  18 5 8 13 45 47.003
  841.546  18 5 8 13 45 48.003
  840.439  18 5 8 13 45 49.003
  839.068  18 5 8 13 45 50.003
  838.477  18 5 8 13 45 51.003
  836.800  18 5 8 13 45 52.003
  835.635  18 5 8 13 45 53.003
  834.930  18 5 8 13 45 54.003
  834.518  18 5 8 13 45 55.003
  833.375  18 5 8 13 45 56.003
  832.200  18 5 8 13 45 57.003
  831.872  18 5 8 13 45 58.003
  831.122  18 5 8 13 45 59.003
  830.319  18 5 8 13 46 0.003
  829.052  18 5 8 13 46 1.003
  828.731  18 5 8 13 46 2.003
  827.770  18 5 8 13 46 3.003
  826.326  18 5 8 13 46 4.003
  826.647  18 5 8 13 46 5.003
  825.168  18 5 8 13 46 6.003
  823.692  18 5 8 13 46 7.003
  823.700  18 5 8 13 46 8.003
  823.471  18 5 8 13 46 9.003
  821.794  18 5 8 13 46 10.003
  820.630  18 5 8 13 46 11.003
  819.705  18 5 8 13 46 12.003
  819.111  18 5 8 13 46 13.003
  817.782  18 5 8 13 46 14.003
  816.824  18 5 8 13 46 15.003
  816.945  18 5 8 13 46 16.003
  815.410  18 5 8 13 46 17.003
  815.130  18 5 8 13 46 18.003
  814.430  18 5 8 13 46 19.003
  813.758  18 5 8 13 46 20.003
  812.080  18 5 8 13 46 21.003
  812.432  18 5 8 13 46 22.003
  811.255  18 5 8 13 46 23.003
  809.688  18 5 8 13 46 24.003
  808.900  18 5 8 13 46 25.003
  808.374  18 5 8 13 46 26.003
  807.201  18 5 8 13 46 27.003
  805.587  18 5 8 13 46 28.003
  806.203  18 5 8 13 46 29.003
  804.145  18 5 8 13 46 30.003
  802.426  18 5 8 13 46 31.003
  801.370  18 5 8 13 46 32.003
  801.648  18 5 8 13 46 33.003
  800.042  18 5 8 13 46 34.003
  799.120  18 5 8 13 46 35.003
  798.036  18 5 8 13 46 36.003
  797.641  18 5 8 13 46 37.003
  798.045  18 5 8 13 46 38.003
  797.311  18 5 8 13 46 39.003
  796.874  18 5 8 13 46 40.003
  796.250  18 5 8 13 46 41.003
  795.169  18 5 8 13 46 42.003
  795.712  18 5 8 13 46 43.003
  795.025  18 5 8 13 46 44.003
  793.833  18 5 8 13 46 45.003
  793.054  18 5 8 13 46 46.003
  791.995  18 5 8 13 46 47.003
  791.206  18 5 8 13 46 48.003
  790.646  18 5 8 13 46 49.003
  790.072  18 5 8 13 46 50.003
  789.061  18 5 8 13 46 51.003
  788.509  18 5 8 13 46 52.003
  788.210  18 5 8 13 46 53.003
  787.674  18 5 8 13 46 54.003
  786.203  18 5 8 13 46 55.003
  786.261  18 5 8 13 46 56.003
  784.815  18 5 8 13 46 57.003
  783.297  18 5 8 13 46 58.003
  784.033  18 5 8 13 46 59.003
  782.798  18 5 8 13 47 0.003
  782.282  18 5 8 13 47 1.003
  782.290  18 5 8 13 47 2.003
  780.902  18 5 8 13 47 3.003
  780.889  18 5 8 13 47 4.003
  780.387  18 5 8 13 47 5.003
  780.217  18 5 8 13 47 6.003
  776.230  18 5 8 13 47 7.003
  776.786  18 5 8 13 47 8.003
  776.786  18 5 8 13 47 9.003
  776.786  18 5 8 13 47 10.003
  776.786  18 5 8 13 47 11.003
