 -116.178  18 4 5 12 36 1.995
 -116.437  18 4 5 12 36 1.995
 -117.431  18 4 5 12 36 1.995
 -117.699  18 4 5 12 36 1.995
 -118.795  18 4 5 12 36 1.995
 -118.575  18 4 5 12 36 2.995
 -119.083  18 4 5 12 36 3.995
 -120.140  18 4 5 12 36 4.995
 -121.056  18 4 5 12 36 5.995
 -121.648  18 4 5 12 36 6.995
 -122.261  18 4 5 12 36 7.995
 -123.274  18 4 5 12 36 8.995
 -123.492  18 4 5 12 36 9.995
 -123.636  18 4 5 12 36 10.995
 -123.272  18 4 5 12 36 11.995
 -124.345  18 4 5 12 36 12.995
 -124.800  18 4 5 12 36 13.995
 -125.532  18 4 5 12 36 14.995
 -126.003  18 4 5 12 36 15.995
 -126.790  18 4 5 12 36 16.995
 -127.269  18 4 5 12 36 17.995
 -128.739  18 4 5 12 36 18.995
 -129.425  18 4 5 12 36 19.995
 -131.207  18 4 5 12 36 20.995
 -131.849  18 4 5 12 36 21.995
 -131.441  18 4 5 12 36 22.995
 -131.847  18 4 5 12 36 23.995
 -132.902  18 4 5 12 36 24.995
 -134.371  18 4 5 12 36 25.995
 -134.572  18 4 5 12 36 26.995
 -135.021  18 4 5 12 36 27.995
 -134.601  18 4 5 12 36 28.995
 -136.797  18 4 5 12 36 29.995
 -137.029  18 4 5 12 36 30.995
 -138.243  18 4 5 12 36 31.995
 -138.803  18 4 5 12 36 32.995
 -139.600  18 4 5 12 36 33.995
 -140.943  18 4 5 12 36 34.995
 -140.772  18 4 5 12 36 35.995
 -140.915  18 4 5 12 36 36.995
 -141.562  18 4 5 12 36 37.995
 -142.167  18 4 5 12 36 38.995
 -143.422  18 4 5 12 36 39.995
 -144.259  18 4 5 12 36 40.995
