-2499.362  18 5 8 13 44 3.003
-2498.775  18 5 8 13 44 3.003
-2499.785  18 5 8 13 44 3.003
-2508.520  18 5 8 13 44 3.003
-2502.680  18 5 8 13 44 3.003
-2502.508  18 5 8 13 44 3.003
-2502.508  18 5 8 13 44 3.003
-2502.508  18 5 8 13 44 3.003
-2502.508  18 5 8 13 44 3.003
-2502.508  18 5 8 13 44 3.003
-2502.508  18 5 8 13 44 3.003
-2500.645  18 5 8 13 44 4.003
-2500.119  18 5 8 13 44 5.003
-2503.165  18 5 8 13 44 6.003
-2500.204  18 5 8 13 44 7.003
-2500.653  18 5 8 13 44 8.003
-2506.517  18 5 8 13 44 9.003
-2502.576  18 5 8 13 44 10.003
-2508.135  18 5 8 13 44 11.003
-2517.634  18 5 8 13 44 12.003
-2502.165  18 5 8 13 44 13.003
-2499.190  18 5 8 13 44 14.003
-2510.448  18 5 8 13 44 15.003
-2501.193  18 5 8 13 44 16.003
-2507.179  18 5 8 13 44 17.003
-2508.809  18 5 8 13 44 18.003
-2509.054  18 5 8 13 44 19.003
-2509.147  18 5 8 13 44 20.003
-2509.054  18 5 8 13 44 21.003
-2509.593  18 5 8 13 44 22.003
-2510.542  18 5 8 13 44 23.003
-2510.148  18 5 8 13 44 24.003
-2510.907  18 5 8 13 44 25.003
-2512.030  18 5 8 13 44 26.003
-2511.352  18 5 8 13 44 27.003
-2512.234  18 5 8 13 44 28.003
-2511.580  18 5 8 13 44 29.003
-2511.668  18 5 8 13 44 30.003
-2511.556  18 5 8 13 44 31.003
-2513.385  18 5 8 13 44 32.003
-2513.090  18 5 8 13 44 33.003
-2515.361  18 5 8 13 44 34.003
-2516.491  18 5 8 13 44 35.003
-2514.693  18 5 8 13 44 36.003
-2515.746  18 5 8 13 44 37.003
-2516.520  18 5 8 13 44 38.003
-2516.541  18 5 8 13 44 39.003
-2516.990  18 5 8 13 44 40.003
-2516.830  18 5 8 13 44 41.003
-2516.612  18 5 8 13 44 42.003
-2517.786  18 5 8 13 44 43.003
-2517.579  18 5 8 13 44 44.003
-2517.800  18 5 8 13 44 45.003
-2518.841  18 5 8 13 44 46.003
-2520.198  18 5 8 13 44 47.003
-2519.924  18 5 8 13 44 48.003
-2519.624  18 5 8 13 44 49.003
-2520.438  18 5 8 13 44 50.003
-2519.907  18 5 8 13 44 51.003
-2520.752  18 5 8 13 44 52.003
-2521.247  18 5 8 13 44 53.003
-2521.031  18 5 8 13 44 54.003
-2522.100  18 5 8 13 44 55.003
-2523.082  18 5 8 13 44 56.003
-2523.408  18 5 8 13 44 57.003
-2523.402  18 5 8 13 44 58.003
-2523.235  18 5 8 13 44 59.003
-2522.968  18 5 8 13 45 0.003
-2523.748  18 5 8 13 45 1.003
-2524.323  18 5 8 13 45 2.003
-2524.153  18 5 8 13 45 3.003
-2524.107  18 5 8 13 45 4.003
-2524.274  18 5 8 13 45 5.003
-2525.562  18 5 8 13 45 6.003
-2524.436  18 5 8 13 45 7.003
-2525.063  18 5 8 13 45 8.003
-2526.032  18 5 8 13 45 9.003
-2526.627  18 5 8 13 45 10.003
-2526.269  18 5 8 13 45 11.003
-2526.521  18 5 8 13 45 12.003
-2525.945  18 5 8 13 45 13.003
-2525.774  18 5 8 13 45 14.003
-2528.417  18 5 8 13 45 15.003
-2528.383  18 5 8 13 45 16.003
-2527.931  18 5 8 13 45 17.003
-2528.623  18 5 8 13 45 18.003
-2528.355  18 5 8 13 45 19.003
-2529.169  18 5 8 13 45 20.003
-2529.017  18 5 8 13 45 21.003
-2529.587  18 5 8 13 45 22.003
-2530.876  18 5 8 13 45 23.003
-2531.016  18 5 8 13 45 24.003
-2532.246  18 5 8 13 45 25.003
-2533.598  18 5 8 13 45 26.003
-2534.277  18 5 8 13 45 27.003
-2535.345  18 5 8 13 45 28.003
-2536.503  18 5 8 13 45 29.003
-2537.106  18 5 8 13 45 30.003
-2537.344  18 5 8 13 45 31.003
-2538.310  18 5 8 13 45 32.003
-2538.730  18 5 8 13 45 33.003
-2539.386  18 5 8 13 45 34.003
-2540.770  18 5 8 13 45 35.003
-2541.533  18 5 8 13 45 36.003
-2541.528  18 5 8 13 45 37.003
-2542.812  18 5 8 13 45 38.003
-2543.942  18 5 8 13 45 39.003
-2544.589  18 5 8 13 45 40.003
-2545.903  18 5 8 13 45 41.003
-2545.689  18 5 8 13 45 42.003
-2546.563  18 5 8 13 45 43.003
-2548.792  18 5 8 13 45 44.003
-2548.036  18 5 8 13 45 45.003
-2548.535  18 5 8 13 45 46.003
-2550.565  18 5 8 13 45 47.003
-2550.271  18 5 8 13 45 48.003
-2551.172  18 5 8 13 45 49.003
-2552.235  18 5 8 13 45 50.003
-2552.918  18 5 8 13 45 51.003
-2553.500  18 5 8 13 45 52.003
-2554.265  18 5 8 13 45 53.003
-2555.284  18 5 8 13 45 54.003
-2555.543  18 5 8 13 45 55.003
-2555.526  18 5 8 13 45 56.003
-2556.099  18 5 8 13 45 57.003
-2557.229  18 5 8 13 45 58.003
-2558.292  18 5 8 13 45 59.003
-2558.416  18 5 8 13 46 0.003
-2559.892  18 5 8 13 46 1.003
-2558.750  18 5 8 13 46 2.003
-2559.710  18 5 8 13 46 3.003
-2560.779  18 5 8 13 46 4.003
-2561.502  18 5 8 13 46 5.003
-2561.393  18 5 8 13 46 6.003
-2562.853  18 5 8 13 46 7.003
-2563.558  18 5 8 13 46 8.003
-2563.928  18 5 8 13 46 9.003
-2564.415  18 5 8 13 46 10.003
-2565.298  18 5 8 13 46 11.003
-2566.205  18 5 8 13 46 12.003
-2565.806  18 5 8 13 46 13.003
-2566.805  18 5 8 13 46 14.003
-2567.668  18 5 8 13 46 15.003
-2567.928  18 5 8 13 46 16.003
-2569.097  18 5 8 13 46 17.003
-2569.396  18 5 8 13 46 18.003
-2568.466  18 5 8 13 46 19.003
-2569.569  18 5 8 13 46 20.003
-2570.963  18 5 8 13 46 21.003
-2572.145  18 5 8 13 46 22.003
-2571.746  18 5 8 13 46 23.003
-2573.369  18 5 8 13 46 24.003
-2573.064  18 5 8 13 46 25.003
-2573.762  18 5 8 13 46 26.003
-2575.308  18 5 8 13 46 27.003
-2576.406  18 5 8 13 46 28.003
-2577.220  18 5 8 13 46 29.003
-2578.092  18 5 8 13 46 30.003
-2578.114  18 5 8 13 46 31.003
-2579.626  18 5 8 13 46 32.003
-2579.276  18 5 8 13 46 33.003
-2579.717  18 5 8 13 46 34.003
-2579.266  18 5 8 13 46 35.003
-2580.538  18 5 8 13 46 36.003
-2580.460  18 5 8 13 46 37.003
-2581.301  18 5 8 13 46 38.003
-2580.378  18 5 8 13 46 39.003
-2580.723  18 5 8 13 46 40.003
-2581.151  18 5 8 13 46 41.003
-2582.017  18 5 8 13 46 42.003
-2582.195  18 5 8 13 46 43.003
-2582.581  18 5 8 13 46 44.003
-2583.578  18 5 8 13 46 45.003
-2583.885  18 5 8 13 46 46.003
-2584.298  18 5 8 13 46 47.003
-2585.672  18 5 8 13 46 48.003
-2585.975  18 5 8 13 46 49.003
-2585.393  18 5 8 13 46 50.003
-2586.874  18 5 8 13 46 51.003
-2586.992  18 5 8 13 46 52.003
-2587.555  18 5 8 13 46 53.003
-2588.199  18 5 8 13 46 54.003
-2587.982  18 5 8 13 46 55.003
-2588.640  18 5 8 13 46 56.003
-2589.349  18 5 8 13 46 57.003
-2589.780  18 5 8 13 46 58.003
-2589.628  18 5 8 13 46 59.003
-2589.689  18 5 8 13 47 0.003
-2590.406  18 5 8 13 47 1.003
-2589.568  18 5 8 13 47 2.003
-2590.630  18 5 8 13 47 3.003
-2591.270  18 5 8 13 47 4.003
-2590.582  18 5 8 13 47 5.003
-2588.636  18 5 8 13 47 6.003
-2588.598  18 5 8 13 47 7.003
-2592.879  18 5 8 13 47 8.003
