 2283.000  18 5 8 13 44 3.003
 2283.532  18 5 8 13 44 3.003
 2283.695  18 5 8 13 44 3.003
 2284.097  18 5 8 13 44 3.003
 2284.727  18 5 8 13 44 3.003
 2283.866  18 5 8 13 44 3.003
 2284.301  18 5 8 13 44 3.003
 2284.108  18 5 8 13 44 3.003
 2283.906  18 5 8 13 44 3.003
 2283.162  18 5 8 13 44 4.003
 2283.821  18 5 8 13 44 5.003
 2283.690  18 5 8 13 44 6.003
 2283.889  18 5 8 13 44 7.003
 2283.885  18 5 8 13 44 8.003
 2284.175  18 5 8 13 44 9.003
 2282.639  18 5 8 13 44 10.003
 2282.894  18 5 8 13 44 11.003
 2282.268  18 5 8 13 44 12.003
 2282.622  18 5 8 13 44 13.003
 2263.531  18 5 8 13 44 14.003
 2287.982  18 5 8 13 44 15.003
 2291.556  18 5 8 13 44 16.003
 2283.701  18 5 8 13 44 17.003
 2289.827  18 5 8 13 44 18.003
 2279.209  18 5 8 13 44 19.003
 2281.563  18 5 8 13 44 20.003
 2288.660  18 5 8 13 44 21.003
 2267.863  18 5 8 13 44 22.003
 2276.700  18 5 8 13 44 23.003
 2287.462  18 5 8 13 44 24.003
 2278.969  18 5 8 13 44 25.003
 2280.854  18 5 8 13 44 26.003
 2279.732  18 5 8 13 44 27.003
 2278.238  18 5 8 13 44 28.003
 2276.182  18 5 8 13 44 29.003
 2275.798  18 5 8 13 44 30.003
 2280.977  18 5 8 13 44 31.003
 2280.555  18 5 8 13 44 32.003
 2280.900  18 5 8 13 44 33.003
 2278.354  18 5 8 13 44 34.003
 2291.899  18 5 8 13 44 35.003
 2279.682  18 5 8 13 44 36.003
 2278.221  18 5 8 13 44 37.003
 2279.255  18 5 8 13 44 38.003
 2269.432  18 5 8 13 44 39.003
 2278.842  18 5 8 13 44 40.003
 2277.969  18 5 8 13 44 41.003
 2277.316  18 5 8 13 44 42.003
 2277.146  18 5 8 13 44 43.003
 2276.746  18 5 8 13 44 44.003
 2277.102  18 5 8 13 44 45.003
 2277.388  18 5 8 13 44 46.003
 2277.405  18 5 8 13 44 51.003
 2277.045  18 5 8 13 44 52.003
 2277.838  18 5 8 13 44 53.003
 2276.772  18 5 8 13 44 54.003
 2276.662  18 5 8 13 44 55.003
 2276.216  18 5 8 13 44 56.003
 2274.412  18 5 8 13 44 57.003
 2275.607  18 5 8 13 44 58.003
 2276.896  18 5 8 13 44 59.003
 2278.175  18 5 8 13 45 0.003
 2268.276  18 5 8 13 45 1.003
 2275.710  18 5 8 13 45 2.003
 2277.027  18 5 8 13 45 3.003
 2286.385  18 5 8 13 45 4.003
 2277.841  18 5 8 13 45 5.003
 2286.639  18 5 8 13 45 6.003
 2284.693  18 5 8 13 45 7.003
 2281.957  18 5 8 13 45 8.003
 2281.957  18 5 8 13 45 9.003
 2276.083  18 5 8 13 45 10.003
 2276.667  18 5 8 13 45 11.003
 2276.864  18 5 8 13 45 12.003
 2275.545  18 5 8 13 45 13.003
 2275.627  18 5 8 13 45 14.003
 2277.484  18 5 8 13 45 15.003
 2275.748  18 5 8 13 45 19.003
 2275.613  18 5 8 13 45 20.003
 2275.693  18 5 8 13 45 22.003
 2275.943  18 5 8 13 45 23.003
 2275.632  18 5 8 13 45 24.003
 2274.301  18 5 8 13 45 25.003
 2274.937  18 5 8 13 45 26.003
 2274.220  18 5 8 13 45 27.003
 2272.990  18 5 8 13 45 28.003
 2272.003  18 5 8 13 45 29.003
 2271.746  18 5 8 13 45 30.003
 2270.910  18 5 8 13 45 31.003
 2270.246  18 5 8 13 45 32.003
 2269.973  18 5 8 13 45 33.003
 2270.474  18 5 8 13 45 34.003
 2269.431  18 5 8 13 45 35.003
 2268.888  18 5 8 13 45 36.003
 2267.983  18 5 8 13 45 37.003
 2267.919  18 5 8 13 45 38.003
 2267.495  18 5 8 13 45 39.003
 2267.518  18 5 8 13 45 40.003
 2264.832  18 5 8 13 45 41.003
 2265.417  18 5 8 13 45 42.003
 2265.314  18 5 8 13 45 43.003
 2265.269  18 5 8 13 45 44.003
 2263.096  18 5 8 13 45 45.003
 2263.282  18 5 8 13 45 46.003
 2263.408  18 5 8 13 45 47.003
 2261.969  18 5 8 13 45 48.003
 2261.505  18 5 8 13 45 49.003
 2261.189  18 5 8 13 45 50.003
 2259.328  18 5 8 13 45 51.003
 2259.395  18 5 8 13 45 52.003
 2259.188  18 5 8 13 45 53.003
 2259.587  18 5 8 13 45 54.003
 2259.244  18 5 8 13 45 55.003
 2258.038  18 5 8 13 45 56.003
 2258.545  18 5 8 13 45 57.003
 2257.321  18 5 8 13 45 58.003
 2257.341  18 5 8 13 45 59.003
 2256.896  18 5 8 13 46 0.003
 2257.267  18 5 8 13 46 1.003
 2256.072  18 5 8 13 46 2.003
 2256.203  18 5 8 13 46 3.003
 2256.523  18 5 8 13 46 4.003
 2254.734  18 5 8 13 46 5.003
 2254.365  18 5 8 13 46 6.003
 2254.893  18 5 8 13 46 7.003
 2254.982  18 5 8 13 46 8.003
 2253.227  18 5 8 13 46 9.003
 2253.443  18 5 8 13 46 10.003
 2253.016  18 5 8 13 46 11.003
 2252.945  18 5 8 13 46 12.003
 2252.107  18 5 8 13 46 13.003
 2252.001  18 5 8 13 46 14.003
 2252.152  18 5 8 13 46 15.003
 2251.176  18 5 8 13 46 16.003
 2251.230  18 5 8 13 46 17.003
 2251.252  18 5 8 13 46 18.003
 2249.540  18 5 8 13 46 19.003
 2249.566  18 5 8 13 46 20.003
 2250.734  18 5 8 13 46 21.003
 2250.027  18 5 8 13 46 22.003
 2249.204  18 5 8 13 46 23.003
 2248.706  18 5 8 13 46 24.003
 2248.803  18 5 8 13 46 25.003
 2247.710  18 5 8 13 46 26.003
 2246.697  18 5 8 13 46 27.003
 2246.788  18 5 8 13 46 28.003
 2245.549  18 5 8 13 46 29.003
 2244.721  18 5 8 13 46 30.003
 2244.335  18 5 8 13 46 31.003
 2244.673  18 5 8 13 46 32.003
 2243.136  18 5 8 13 46 33.003
 2242.656  18 5 8 13 46 34.003
 2242.748  18 5 8 13 46 35.003
 2242.983  18 5 8 13 46 36.003
 2242.823  18 5 8 13 46 37.003
 2243.661  18 5 8 13 46 38.003
 2244.188  18 5 8 13 46 39.003
 2244.008  18 5 8 13 46 40.003
 2243.492  18 5 8 13 46 41.003
 2243.807  18 5 8 13 46 42.003
 2243.512  18 5 8 13 46 43.003
 2243.726  18 5 8 13 46 44.003
 2242.552  18 5 8 13 46 45.003
 2242.824  18 5 8 13 46 46.003
 2242.319  18 5 8 13 46 47.003
 2241.738  18 5 8 13 46 48.003
 2241.152  18 5 8 13 46 49.003
 2240.503  18 5 8 13 46 50.003
 2240.446  18 5 8 13 46 51.003
 2241.921  18 5 8 13 46 52.003
 2240.353  18 5 8 13 46 53.003
 2239.703  18 5 8 13 46 54.003
 2240.692  18 5 8 13 46 55.003
 2240.367  18 5 8 13 46 56.003
 2239.017  18 5 8 13 46 57.003
 2239.861  18 5 8 13 46 58.003
 2239.200  18 5 8 13 46 59.003
 2239.994  18 5 8 13 47 0.003
 2240.324  18 5 8 13 47 1.003
 2239.124  18 5 8 13 47 2.003
 2239.978  18 5 8 13 47 3.003
 2239.648  18 5 8 13 47 4.003
 2239.147  18 5 8 13 47 5.003
 2240.750  18 5 8 13 47 6.003
 2239.390  18 5 8 13 47 7.003
 2239.496  18 5 8 13 47 8.003
 2241.577  18 5 8 13 47 9.003
 2241.056  18 5 8 13 47 10.003
