 1109.160  18 4 5 12 36 1.995
 1108.096  18 4 5 12 36 1.995
 1107.398  18 4 5 12 36 2.995
 1107.217  18 4 5 12 36 3.995
 1106.688  18 4 5 12 36 4.995
 1105.422  18 4 5 12 36 5.995
 1105.363  18 4 5 12 36 6.995
 1104.802  18 4 5 12 36 7.995
 1103.938  18 4 5 12 36 8.995
 1104.021  18 4 5 12 36 9.995
 1103.190  18 4 5 12 36 10.995
 1101.656  18 4 5 12 36 11.995
 1101.888  18 4 5 12 36 12.995
 1101.272  18 4 5 12 36 13.995
 1102.032  18 4 5 12 36 14.995
 1101.107  18 4 5 12 36 15.995
 1100.965  18 4 5 12 36 16.995
 1100.141  18 4 5 12 36 17.995
 1098.946  18 4 5 12 36 18.995
 1098.788  18 4 5 12 36 19.995
 1098.046  18 4 5 12 36 20.995
 1096.776  18 4 5 12 36 21.995
 1095.376  18 4 5 12 36 22.995
 1094.891  18 4 5 12 36 23.995
 1093.748  18 4 5 12 36 24.995
 1093.838  18 4 5 12 36 25.995
 1092.930  18 4 5 12 36 26.995
 1092.807  18 4 5 12 36 27.995
 1091.890  18 4 5 12 36 28.995
 1090.684  18 4 5 12 36 29.995
 1091.173  18 4 5 12 36 30.995
 1090.380  18 4 5 12 36 31.995
 1089.896  18 4 5 12 36 32.995
 1088.441  18 4 5 12 36 33.995
 1088.313  18 4 5 12 36 34.995
 1087.051  18 4 5 12 36 35.995
 1086.722  18 4 5 12 36 36.995
 1085.999  18 4 5 12 36 37.995
 1085.172  18 4 5 12 36 38.995
 1085.258  18 4 5 12 36 39.995
 1084.822  18 4 5 12 36 40.995
 1084.222  18 4 5 12 36 41.995
 1083.198  18 4 5 12 36 42.995
 1082.619  18 4 5 12 36 43.995
