-1404.264  18 5 8 13 44 3.003
-1404.209  18 5 8 13 44 3.003
-1404.757  18 5 8 13 44 3.003
-1405.043  18 5 8 13 44 3.003
-1404.391  18 5 8 13 44 3.003
-1405.341  18 5 8 13 44 4.003
-1406.098  18 5 8 13 44 5.003
-1406.731  18 5 8 13 44 6.003
-1406.659  18 5 8 13 44 7.003
-1407.562  18 5 8 13 44 8.003
-1407.146  18 5 8 13 44 9.003
-1408.161  18 5 8 13 44 10.003
-1408.845  18 5 8 13 44 11.003
-1408.416  18 5 8 13 44 12.003
-1409.187  18 5 8 13 44 13.003
-1410.365  18 5 8 13 44 14.003
-1409.948  18 5 8 13 44 15.003
-1411.190  18 5 8 13 44 16.003
-1412.376  18 5 8 13 44 17.003
-1412.429  18 5 8 13 44 18.003
-1413.033  18 5 8 13 44 19.003
-1414.487  18 5 8 13 44 20.003
-1415.321  18 5 8 13 44 21.003
-1415.729  18 5 8 13 44 22.003
-1415.443  18 5 8 13 44 23.003
-1416.516  18 5 8 13 44 24.003
-1417.459  18 5 8 13 44 25.003
-1417.679  18 5 8 13 44 26.003
-1418.269  18 5 8 13 44 27.003
-1418.937  18 5 8 13 44 28.003
-1419.248  18 5 8 13 44 29.003
-1419.759  18 5 8 13 44 30.003
-1420.517  18 5 8 13 44 31.003
-1421.452  18 5 8 13 44 32.003
-1421.432  18 5 8 13 44 33.003
-1421.879  18 5 8 13 44 34.003
-1422.150  18 5 8 13 44 35.003
-1421.671  18 5 8 13 44 36.003
-1422.140  18 5 8 13 44 37.003
-1423.392  18 5 8 13 44 38.003
-1423.789  18 5 8 13 44 39.003
-1424.958  18 5 8 13 44 40.003
-1426.493  18 5 8 13 44 41.003
-1426.121  18 5 8 13 44 42.003
-1426.712  18 5 8 13 44 43.003
-1427.381  18 5 8 13 44 44.003
-1427.998  18 5 8 13 44 45.003
-1428.658  18 5 8 13 44 46.003
-1428.682  18 5 8 13 44 47.003
-1428.699  18 5 8 13 44 48.003
-1429.903  18 5 8 13 44 49.003
-1430.811  18 5 8 13 44 50.003
-1430.832  18 5 8 13 44 51.003
-1431.721  18 5 8 13 44 52.003
-1432.465  18 5 8 13 44 53.003
-1432.374  18 5 8 13 44 54.003
-1432.788  18 5 8 13 44 55.003
-1434.036  18 5 8 13 44 56.003
-1433.371  18 5 8 13 44 57.003
-1434.105  18 5 8 13 44 58.003
-1434.557  18 5 8 13 44 59.003
-1434.990  18 5 8 13 45 0.003
-1436.124  18 5 8 13 45 1.003
-1436.552  18 5 8 13 45 2.003
-1437.073  18 5 8 13 45 3.003
-1437.760  18 5 8 13 45 4.003
-1437.870  18 5 8 13 45 5.003
-1437.908  18 5 8 13 45 6.003
-1438.368  18 5 8 13 45 7.003
-1438.904  18 5 8 13 45 8.003
-1439.148  18 5 8 13 45 9.003
-1439.100  18 5 8 13 45 10.003
-1440.174  18 5 8 13 45 11.003
-1440.725  18 5 8 13 45 12.003
-1440.503  18 5 8 13 45 13.003
-1441.054  18 5 8 13 45 14.003
-1441.785  18 5 8 13 45 15.003
-1442.097  18 5 8 13 45 16.003
-1442.785  18 5 8 13 45 17.003
-1442.728  18 5 8 13 45 18.003
-1443.673  18 5 8 13 45 19.003
-1443.242  18 5 8 13 45 20.003
-1444.813  18 5 8 13 45 21.003
-1445.459  18 5 8 13 45 22.003
-1445.184  18 5 8 13 45 23.003
-1445.864  18 5 8 13 45 24.003
-1446.050  18 5 8 13 45 25.003
-1446.987  18 5 8 13 45 26.003
-1446.785  18 5 8 13 45 27.003
-1447.913  18 5 8 13 45 28.003
-1448.981  18 5 8 13 45 29.003
-1449.343  18 5 8 13 45 30.003
-1450.311  18 5 8 13 45 31.003
-1452.292  18 5 8 13 45 32.003
-1453.304  18 5 8 13 45 33.003
-1454.028  18 5 8 13 45 34.003
-1455.072  18 5 8 13 45 35.003
-1456.173  18 5 8 13 45 36.003
-1456.831  18 5 8 13 45 37.003
-1457.677  18 5 8 13 45 38.003
-1458.450  18 5 8 13 45 39.003
-1459.095  18 5 8 13 45 40.003
-1460.200  18 5 8 13 45 41.003
-1461.055  18 5 8 13 45 42.003
-1461.983  18 5 8 13 45 43.003
-1462.924  18 5 8 13 45 44.003
-1463.972  18 5 8 13 45 45.003
-1464.985  18 5 8 13 45 46.003
-1465.985  18 5 8 13 45 47.003
-1466.427  18 5 8 13 45 48.003
-1467.560  18 5 8 13 45 49.003
-1468.869  18 5 8 13 45 50.003
-1468.992  18 5 8 13 45 51.003
-1470.393  18 5 8 13 45 52.003
-1471.389  18 5 8 13 45 53.003
-1472.127  18 5 8 13 45 54.003
-1473.736  18 5 8 13 45 55.003
-1474.556  18 5 8 13 45 56.003
-1475.465  18 5 8 13 45 57.003
-1475.114  18 5 8 13 45 58.003
-1476.723  18 5 8 13 45 59.003
-1477.889  18 5 8 13 46 0.003
-1478.095  18 5 8 13 46 1.003
-1478.938  18 5 8 13 46 2.003
-1479.531  18 5 8 13 46 3.003
-1480.468  18 5 8 13 46 4.003
-1480.798  18 5 8 13 46 5.003
-1481.592  18 5 8 13 46 6.003
-1482.903  18 5 8 13 46 7.003
-1482.899  18 5 8 13 46 8.003
-1484.120  18 5 8 13 46 9.003
-1485.463  18 5 8 13 46 10.003
-1485.479  18 5 8 13 46 11.003
-1485.858  18 5 8 13 46 12.003
-1487.564  18 5 8 13 46 13.003
-1487.895  18 5 8 13 46 14.003
-1488.772  18 5 8 13 46 15.003
-1489.615  18 5 8 13 46 16.003
-1490.469  18 5 8 13 46 17.003
-1491.054  18 5 8 13 46 18.003
-1490.972  18 5 8 13 46 19.003
-1492.819  18 5 8 13 46 20.003
-1493.115  18 5 8 13 46 21.003
-1493.710  18 5 8 13 46 22.003
-1495.002  18 5 8 13 46 23.003
-1495.259  18 5 8 13 46 24.003
-1494.975  18 5 8 13 46 25.003
-1496.131  18 5 8 13 46 26.003
-1497.481  18 5 8 13 46 27.003
-1498.312  18 5 8 13 46 28.003
-1498.528  18 5 8 13 46 29.003
-1499.980  18 5 8 13 46 30.003
-1501.187  18 5 8 13 46 31.003
-1501.546  18 5 8 13 46 32.003
-1503.180  18 5 8 13 46 33.003
-1504.203  18 5 8 13 46 34.003
-1504.890  18 5 8 13 46 35.003
-1505.419  18 5 8 13 46 36.003
-1506.662  18 5 8 13 46 37.003
-1507.588  18 5 8 13 46 38.003
-1508.328  18 5 8 13 46 39.003
-1508.449  18 5 8 13 46 40.003
-1508.527  18 5 8 13 46 41.003
-1508.999  18 5 8 13 46 42.003
-1509.075  18 5 8 13 46 43.003
-1509.539  18 5 8 13 46 44.003
-1509.871  18 5 8 13 46 45.003
-1510.138  18 5 8 13 46 46.003
-1510.874  18 5 8 13 46 47.003
-1511.984  18 5 8 13 46 48.003
-1512.602  18 5 8 13 46 49.003
-1512.856  18 5 8 13 46 50.003
-1513.843  18 5 8 13 46 51.003
-1514.439  18 5 8 13 46 52.003
-1515.354  18 5 8 13 46 53.003
-1516.028  18 5 8 13 46 54.003
-1516.383  18 5 8 13 46 55.003
-1516.455  18 5 8 13 46 56.003
-1517.569  18 5 8 13 46 57.003
-1518.163  18 5 8 13 46 58.003
-1518.383  18 5 8 13 46 59.003
-1519.511  18 5 8 13 47 0.003
-1520.203  18 5 8 13 47 1.003
-1520.740  18 5 8 13 47 2.003
-1521.324  18 5 8 13 47 3.003
-1521.420  18 5 8 13 47 4.003
-1521.422  18 5 8 13 47 5.003
-1522.794  18 5 8 13 47 6.003
-1522.858  18 5 8 13 47 7.003
-1522.999  18 5 8 13 47 8.003
-1523.487  18 5 8 13 47 9.003
-1523.634  18 5 8 13 47 10.003
-1523.440  18 5 8 13 47 11.003
-1523.626  18 5 8 13 47 12.003
-1523.496  18 5 8 13 47 13.003
-1523.895  18 5 8 13 47 14.003
