 2876.107  18 5 8 13 44 3.003
 2879.775  18 5 8 13 44 3.003
 2873.087  18 5 8 13 44 3.003
 2880.624  18 5 8 13 44 3.003
 2886.536  18 5 8 13 44 3.003
 2886.536  18 5 8 13 44 3.003
 2886.536  18 5 8 13 44 3.003
 2886.536  18 5 8 13 44 3.003
 2886.536  18 5 8 13 44 3.003
 2886.536  18 5 8 13 44 3.003
 2882.863  18 5 8 13 44 4.003
 2884.155  18 5 8 13 44 5.003
 2878.928  18 5 8 13 44 6.003
 2887.807  18 5 8 13 44 7.003
 2884.250  18 5 8 13 44 8.003
 2880.049  18 5 8 13 44 9.003
 2887.121  18 5 8 13 44 10.003
 2881.968  18 5 8 13 44 13.003
 2883.195  18 5 8 13 44 14.003
 2881.175  18 5 8 13 44 15.003
 2881.036  18 5 8 13 44 16.003
 2881.801  18 5 8 13 44 17.003
 2882.511  18 5 8 13 44 18.003
 2881.698  18 5 8 13 44 19.003
 2882.207  18 5 8 13 44 20.003
 2882.210  18 5 8 13 44 21.003
 2882.815  18 5 8 13 44 22.003
 2882.096  18 5 8 13 44 23.003
 2882.184  18 5 8 13 44 24.003
 2883.239  18 5 8 13 44 25.003
 2882.238  18 5 8 13 44 26.003
 2882.213  18 5 8 13 44 27.003
 2883.128  18 5 8 13 44 28.003
 2883.483  18 5 8 13 44 29.003
 2883.199  18 5 8 13 44 30.003
 2884.229  18 5 8 13 44 31.003
 2884.896  18 5 8 13 44 32.003
 2883.851  18 5 8 13 44 33.003
 2884.387  18 5 8 13 44 34.003
 2883.812  18 5 8 13 44 35.003
 2884.664  18 5 8 13 44 36.003
 2884.240  18 5 8 13 44 37.003
 2884.007  18 5 8 13 44 38.003
 2883.876  18 5 8 13 44 39.003
 2883.682  18 5 8 13 44 40.003
 2883.729  18 5 8 13 44 41.003
 2884.533  18 5 8 13 44 42.003
 2885.145  18 5 8 13 44 43.003
 2884.494  18 5 8 13 44 44.003
 2884.025  18 5 8 13 44 45.003
 2885.397  18 5 8 13 44 46.003
 2884.074  18 5 8 13 44 47.003
 2886.471  18 5 8 13 44 48.003
 2885.176  18 5 8 13 44 49.003
 2885.712  18 5 8 13 44 50.003
 2886.323  18 5 8 13 44 51.003
 2885.983  18 5 8 13 44 52.003
 2886.764  18 5 8 13 44 53.003
 2886.568  18 5 8 13 44 54.003
 2886.840  18 5 8 13 44 55.003
 2887.536  18 5 8 13 44 56.003
 2887.686  18 5 8 13 44 57.003
 2885.329  18 5 8 13 44 58.003
 2886.833  18 5 8 13 44 59.003
 2889.631  18 5 8 13 45 0.003
 2887.481  18 5 8 13 45 1.003
 2885.910  18 5 8 13 45 2.003
 2887.838  18 5 8 13 45 3.003
 2888.038  18 5 8 13 45 4.003
 2889.015  18 5 8 13 45 5.003
 2888.357  18 5 8 13 45 6.003
 2888.667  18 5 8 13 45 7.003
 2889.466  18 5 8 13 45 8.003
 2889.233  18 5 8 13 45 9.003
 2889.714  18 5 8 13 45 10.003
 2890.306  18 5 8 13 45 11.003
 2889.754  18 5 8 13 45 12.003
 2890.651  18 5 8 13 45 13.003
 2890.205  18 5 8 13 45 14.003
 2890.992  18 5 8 13 45 15.003
 2889.992  18 5 8 13 45 16.003
 2889.547  18 5 8 13 45 17.003
 2890.354  18 5 8 13 45 18.003
 2891.112  18 5 8 13 45 19.003
 2891.095  18 5 8 13 45 20.003
 2890.247  18 5 8 13 45 21.003
 2891.903  18 5 8 13 45 22.003
 2890.625  18 5 8 13 45 23.003
 2890.429  18 5 8 13 45 24.003
 2891.671  18 5 8 13 45 25.003
 2891.373  18 5 8 13 45 26.003
 2890.129  18 5 8 13 45 27.003
 2889.789  18 5 8 13 45 28.003
 2888.302  18 5 8 13 45 29.003
 2888.943  18 5 8 13 45 30.003
 2888.400  18 5 8 13 45 31.003
 2888.581  18 5 8 13 45 32.003
 2887.874  18 5 8 13 45 33.003
 2887.981  18 5 8 13 45 34.003
 2887.623  18 5 8 13 45 35.003
 2887.605  18 5 8 13 45 36.003
 2886.900  18 5 8 13 45 37.003
 2886.487  18 5 8 13 45 38.003
 2887.116  18 5 8 13 45 39.003
 2886.233  18 5 8 13 45 40.003
 2885.438  18 5 8 13 45 41.003
 2885.673  18 5 8 13 45 42.003
 2885.747  18 5 8 13 45 43.003
 2885.038  18 5 8 13 45 44.003
 2884.652  18 5 8 13 45 45.003
 2884.277  18 5 8 13 45 46.003
 2884.440  18 5 8 13 45 47.003
 2883.743  18 5 8 13 45 48.003
 2883.391  18 5 8 13 45 49.003
 2882.530  18 5 8 13 45 50.003
 2882.263  18 5 8 13 45 51.003
 2881.368  18 5 8 13 45 52.003
 2884.276  18 5 8 13 45 53.003
 2882.618  18 5 8 13 45 54.003
 2882.057  18 5 8 13 45 55.003
 2883.276  18 5 8 13 45 56.003
 2881.889  18 5 8 13 45 57.003
 2881.399  18 5 8 13 45 58.003
 2881.683  18 5 8 13 45 59.003
 2881.610  18 5 8 13 46 0.003
 2881.467  18 5 8 13 46 1.003
 2881.174  18 5 8 13 46 2.003
 2881.864  18 5 8 13 46 3.003
 2881.069  18 5 8 13 46 4.003
 2880.277  18 5 8 13 46 5.003
 2881.047  18 5 8 13 46 6.003
 2880.624  18 5 8 13 46 7.003
 2880.324  18 5 8 13 46 8.003
 2879.706  18 5 8 13 46 9.003
 2881.024  18 5 8 13 46 10.003
 2879.927  18 5 8 13 46 11.003
 2879.451  18 5 8 13 46 12.003
 2878.923  18 5 8 13 46 13.003
 2880.165  18 5 8 13 46 14.003
 2880.074  18 5 8 13 46 15.003
 2879.775  18 5 8 13 46 16.003
 2884.377  18 5 8 13 46 17.003
 2871.134  18 5 8 13 46 18.003
 2878.641  18 5 8 13 46 19.003
 2875.090  18 5 8 13 46 20.003
 2886.144  18 5 8 13 46 21.003
 2871.660  18 5 8 13 46 22.003
 2878.111  18 5 8 13 46 23.003
 2885.091  18 5 8 13 46 24.003
 2873.074  18 5 8 13 46 25.003
 2873.074  18 5 8 13 46 26.003
 2882.664  18 5 8 13 46 27.003
 2882.261  18 5 8 13 46 28.003
 2883.288  18 5 8 13 46 29.003
 2871.808  18 5 8 13 46 30.003
 2879.703  18 5 8 13 46 31.003
 2875.455  18 5 8 13 46 32.003
 2876.685  18 5 8 13 46 33.003
 2881.047  18 5 8 13 46 34.003
 2884.977  18 5 8 13 46 35.003
 2877.490  18 5 8 13 46 36.003
 2877.416  18 5 8 13 46 37.003
 2876.513  18 5 8 13 46 38.003
 2878.352  18 5 8 13 46 39.003
 2879.670  18 5 8 13 46 40.003
 2878.306  18 5 8 13 46 41.003
 2877.391  18 5 8 13 46 42.003
 2877.973  18 5 8 13 46 43.003
 2878.255  18 5 8 13 46 44.003
 2877.965  18 5 8 13 46 45.003
 2877.769  18 5 8 13 46 46.003
 2878.032  18 5 8 13 46 47.003
 2877.565  18 5 8 13 46 48.003
 2876.901  18 5 8 13 46 49.003
 2877.893  18 5 8 13 46 50.003
 2877.615  18 5 8 13 46 51.003
 2878.131  18 5 8 13 46 52.003
 2877.382  18 5 8 13 46 53.003
 2878.329  18 5 8 13 46 54.003
 2877.462  18 5 8 13 46 55.003
 2877.156  18 5 8 13 46 56.003
 2877.538  18 5 8 13 46 57.003
 2877.280  18 5 8 13 46 58.003
 2877.198  18 5 8 13 46 59.003
 2878.637  18 5 8 13 47 0.003
 2877.970  18 5 8 13 47 1.003
 2878.987  18 5 8 13 47 2.003
 2879.484  18 5 8 13 47 3.003
 2878.927  18 5 8 13 47 4.003
 2879.874  18 5 8 13 47 5.003
 2880.306  18 5 8 13 47 6.003
 2881.015  18 5 8 13 47 7.003
 2881.354  18 5 8 13 47 8.003
 2882.030  18 5 8 13 47 9.003
