-1613.616  18 5 8 13 44 3.003
-1612.935  18 5 8 13 44 3.003
-1613.890  18 5 8 13 44 3.003
-1613.518  18 5 8 13 44 3.003
-1613.688  18 5 8 13 44 4.003
-1614.282  18 5 8 13 44 5.003
-1615.331  18 5 8 13 44 6.003
-1615.521  18 5 8 13 44 7.003
-1615.669  18 5 8 13 44 8.003
-1616.453  18 5 8 13 44 9.003
-1616.278  18 5 8 13 44 10.003
-1616.967  18 5 8 13 44 11.003
-1617.606  18 5 8 13 44 12.003
-1617.705  18 5 8 13 44 13.003
-1618.540  18 5 8 13 44 14.003
-1619.049  18 5 8 13 44 15.003
-1619.454  18 5 8 13 44 16.003
-1619.983  18 5 8 13 44 17.003
-1621.478  18 5 8 13 44 18.003
-1621.853  18 5 8 13 44 19.003
-1622.749  18 5 8 13 44 20.003
-1623.296  18 5 8 13 44 21.003
-1625.140  18 5 8 13 44 22.003
-1624.355  18 5 8 13 44 23.003
-1624.292  18 5 8 13 44 24.003
-1625.582  18 5 8 13 44 25.003
-1627.173  18 5 8 13 44 26.003
-1627.097  18 5 8 13 44 27.003
-1627.803  18 5 8 13 44 28.003
-1628.615  18 5 8 13 44 29.003
-1628.706  18 5 8 13 44 30.003
-1629.185  18 5 8 13 44 31.003
-1630.270  18 5 8 13 44 32.003
-1630.748  18 5 8 13 44 33.003
-1631.252  18 5 8 13 44 34.003
-1631.694  18 5 8 13 44 35.003
-1632.319  18 5 8 13 44 36.003
-1631.483  18 5 8 13 44 37.003
-1630.841  18 5 8 13 44 38.003
-1633.009  18 5 8 13 44 39.003
-1634.520  18 5 8 13 44 40.003
-1634.237  18 5 8 13 44 41.003
-1637.167  18 5 8 13 44 42.003
-1636.614  18 5 8 13 44 43.003
-1637.524  18 5 8 13 44 44.003
-1637.120  18 5 8 13 44 45.003
-1637.479  18 5 8 13 44 46.003
-1638.390  18 5 8 13 44 47.003
-1638.784  18 5 8 13 44 48.003
-1638.588  18 5 8 13 44 49.003
-1639.492  18 5 8 13 44 50.003
-1640.371  18 5 8 13 44 51.003
-1640.581  18 5 8 13 44 52.003
-1641.637  18 5 8 13 44 53.003
-1642.672  18 5 8 13 44 54.003
-1642.358  18 5 8 13 44 55.003
-1642.561  18 5 8 13 44 56.003
-1644.248  18 5 8 13 44 57.003
-1643.772  18 5 8 13 44 58.003
-1643.954  18 5 8 13 44 59.003
-1644.846  18 5 8 13 45 0.003
-1645.048  18 5 8 13 45 1.003
-1646.250  18 5 8 13 45 2.003
-1645.634  18 5 8 13 45 3.003
-1647.789  18 5 8 13 45 4.003
-1647.646  18 5 8 13 45 5.003
-1648.837  18 5 8 13 45 6.003
-1648.027  18 5 8 13 45 7.003
-1648.380  18 5 8 13 45 8.003
-1649.619  18 5 8 13 45 9.003
-1649.452  18 5 8 13 45 10.003
-1649.065  18 5 8 13 45 11.003
-1650.604  18 5 8 13 45 12.003
-1651.296  18 5 8 13 45 13.003
-1650.581  18 5 8 13 45 14.003
-1650.615  18 5 8 13 45 15.003
-1652.037  18 5 8 13 45 16.003
-1651.790  18 5 8 13 45 17.003
-1652.806  18 5 8 13 45 18.003
-1653.074  18 5 8 13 45 19.003
-1653.109  18 5 8 13 45 20.003
-1653.498  18 5 8 13 45 21.003
-1655.546  18 5 8 13 45 22.003
-1656.611  18 5 8 13 45 23.003
-1655.255  18 5 8 13 45 24.003
-1657.219  18 5 8 13 45 25.003
-1656.036  18 5 8 13 45 26.003
-1657.339  18 5 8 13 45 27.003
-1656.926  18 5 8 13 45 28.003
-1659.508  18 5 8 13 45 29.003
-1659.651  18 5 8 13 45 30.003
-1659.730  18 5 8 13 45 31.003
-1660.303  18 5 8 13 45 32.003
-1662.707  18 5 8 13 45 33.003
-1663.829  18 5 8 13 45 34.003
-1664.442  18 5 8 13 45 35.003
-1665.847  18 5 8 13 45 36.003
-1666.877  18 5 8 13 45 37.003
-1667.308  18 5 8 13 45 38.003
-1668.364  18 5 8 13 45 39.003
-1668.434  18 5 8 13 45 40.003
-1669.513  18 5 8 13 45 41.003
-1671.633  18 5 8 13 45 42.003
-1671.450  18 5 8 13 45 43.003
-1672.401  18 5 8 13 45 44.003
-1674.210  18 5 8 13 45 45.003
-1674.994  18 5 8 13 45 46.003
-1675.780  18 5 8 13 45 47.003
-1677.207  18 5 8 13 45 48.003
-1677.489  18 5 8 13 45 49.003
-1678.328  18 5 8 13 45 50.003
-1680.109  18 5 8 13 45 51.003
-1679.940  18 5 8 13 45 52.003
-1680.968  18 5 8 13 45 53.003
-1683.271  18 5 8 13 45 54.003
-1683.695  18 5 8 13 45 55.003
-1684.445  18 5 8 13 45 56.003
-1685.476  18 5 8 13 45 57.003
-1686.356  18 5 8 13 45 58.003
-1685.745  18 5 8 13 45 59.003
-1687.751  18 5 8 13 46 0.003
-1689.108  18 5 8 13 46 1.003
-1689.462  18 5 8 13 46 2.003
-1690.233  18 5 8 13 46 3.003
-1690.868  18 5 8 13 46 4.003
-1691.234  18 5 8 13 46 5.003
-1692.295  18 5 8 13 46 6.003
-1693.522  18 5 8 13 46 7.003
-1694.493  18 5 8 13 46 8.003
-1694.069  18 5 8 13 46 9.003
-1696.069  18 5 8 13 46 10.003
-1696.708  18 5 8 13 46 11.003
-1696.538  18 5 8 13 46 12.003
-1696.816  18 5 8 13 46 13.003
-1698.994  18 5 8 13 46 14.003
-1698.983  18 5 8 13 46 15.003
-1699.870  18 5 8 13 46 16.003
-1700.392  18 5 8 13 46 17.003
-1702.168  18 5 8 13 46 18.003
-1702.426  18 5 8 13 46 19.003
-1702.494  18 5 8 13 46 20.003
-1704.205  18 5 8 13 46 21.003
-1704.513  18 5 8 13 46 22.003
-1705.132  18 5 8 13 46 23.003
-1707.133  18 5 8 13 46 24.003
-1706.913  18 5 8 13 46 25.003
-1706.660  18 5 8 13 46 26.003
-1707.220  18 5 8 13 46 27.003
-1709.377  18 5 8 13 46 28.003
-1709.486  18 5 8 13 46 29.003
-1710.023  18 5 8 13 46 30.003
-1711.893  18 5 8 13 46 31.003
-1712.384  18 5 8 13 46 32.003
-1713.298  18 5 8 13 46 33.003
-1715.032  18 5 8 13 46 34.003
-1716.136  18 5 8 13 46 35.003
-1716.937  18 5 8 13 46 36.003
-1716.284  18 5 8 13 46 37.003
-1718.588  18 5 8 13 46 38.003
-1719.779  18 5 8 13 46 39.003
-1720.354  18 5 8 13 46 40.003
-1719.781  18 5 8 13 46 41.003
-1720.311  18 5 8 13 46 42.003
-1721.624  18 5 8 13 46 43.003
-1721.931  18 5 8 13 46 44.003
-1721.770  18 5 8 13 46 45.003
-1722.099  18 5 8 13 46 46.003
-1722.571  18 5 8 13 46 47.003
-1722.820  18 5 8 13 46 48.003
-1723.406  18 5 8 13 46 49.003
-1724.796  18 5 8 13 46 50.003
-1725.239  18 5 8 13 46 51.003
-1726.213  18 5 8 13 46 52.003
-1727.500  18 5 8 13 46 53.003
-1727.599  18 5 8 13 46 54.003
-1728.302  18 5 8 13 46 55.003
-1729.368  18 5 8 13 46 56.003
-1728.923  18 5 8 13 46 57.003
-1730.352  18 5 8 13 46 58.003
-1731.510  18 5 8 13 46 59.003
-1730.638  18 5 8 13 47 0.003
-1731.888  18 5 8 13 47 1.003
-1732.865  18 5 8 13 47 2.003
-1733.530  18 5 8 13 47 3.003
-1734.048  18 5 8 13 47 4.003
-1734.539  18 5 8 13 47 5.003
-1734.024  18 5 8 13 47 6.003
-1735.415  18 5 8 13 47 7.003
-1735.216  18 5 8 13 47 8.003
-1735.572  18 5 8 13 47 9.003
-1735.871  18 5 8 13 47 10.003
-1736.144  18 5 8 13 47 11.003
-1736.280  18 5 8 13 47 12.003
-1736.526  18 5 8 13 47 13.003
-1735.123  18 5 8 13 47 14.003
-1737.615  18 5 8 13 47 15.003
