-1503.458  18 4 10 14 15 33.000
-1514.085  18 4 10 14 15 33.000
-1514.563  18 4 10 14 15 33.000
-1505.646  18 4 10 14 15 33.000
-1511.465  18 4 10 14 15 33.000
-1510.884  18 4 10 14 15 33.000
-1516.657  18 4 10 14 15 33.000
-1512.286  18 4 10 14 15 34.000
-1515.018  18 4 10 14 15 35.000
-1519.525  18 4 10 14 15 36.000
-1507.342  18 4 10 14 15 37.000
-1515.699  18 4 10 14 15 38.000
-1519.063  18 4 10 14 15 39.000
-1514.230  18 4 10 14 15 40.000
-1515.724  18 4 10 14 15 41.000
-1515.263  18 4 10 14 15 42.000
-1515.263  18 4 10 14 15 43.000
-1515.263  18 4 10 14 15 44.000
-1517.119  18 4 10 14 15 45.000
-1517.119  18 4 10 14 15 46.000
-1518.479  18 4 10 14 15 47.000
-1518.313  18 4 10 14 15 48.000
-1509.066  18 4 10 14 15 49.000
-1517.768  18 4 10 14 15 50.000
-1515.050  18 4 10 14 15 54.000
-1515.878  18 4 10 14 15 55.000
-1514.781  18 4 10 14 15 56.000
-1516.186  18 4 10 14 15 57.000
-1523.263  18 4 10 14 15 58.000
-1523.488  18 4 10 14 15 59.000
-1514.316  18 4 10 14 16 0.000
-1521.449  18 4 10 14 16 1.000
-1521.145  18 4 10 14 16 2.000
-1519.149  18 4 10 14 16 3.000
-1525.504  18 4 10 14 16 4.000
-1529.030  18 4 10 14 16 5.000
-1527.205  18 4 10 14 16 6.000
-1525.745  18 4 10 14 16 7.000
-1517.333  18 4 10 14 16 8.000
-1520.850  18 4 10 14 16 9.000
-1515.891  18 4 10 14 16 10.000
-1520.673  18 4 10 14 16 11.000
-1517.648  18 4 10 14 16 12.000
-1525.948  18 4 10 14 16 13.000
-1523.075  18 4 10 14 16 14.000
-1523.552  18 4 10 14 16 15.000
-1523.552  18 4 10 14 16 16.000
-1526.678  18 4 10 14 16 17.000
-1526.678  18 4 10 14 16 18.000
-1526.678  18 4 10 14 16 19.000
-1526.678  18 4 10 14 16 20.000
-1526.678  18 4 10 14 16 21.000
-1526.678  18 4 10 14 16 22.000
-1526.678  18 4 10 14 16 23.000
-1531.491  18 4 10 14 16 24.000
-1523.544  18 4 10 14 16 25.000
-1529.858  18 4 10 14 16 26.000
-1522.411  18 4 10 14 16 27.000
-1528.013  18 4 10 14 16 28.000
-1540.902  18 4 10 14 16 29.000
-1532.137  18 4 10 14 16 30.000
-1529.010  18 4 10 14 16 31.000
-1527.128  18 4 10 14 16 32.000
-1538.846  18 4 10 14 16 33.000
-1529.571  18 4 10 14 16 34.000
-1533.077  18 4 10 14 16 35.000
-1522.834  18 4 10 14 16 36.000
-1526.776  18 4 10 14 16 37.000
-1527.065  18 4 10 14 16 38.000
-1531.565  18 4 10 14 16 39.000
-1534.172  18 4 10 14 16 40.000
-1530.553  18 4 10 14 16 41.000
-1531.581  18 4 10 14 16 42.000
-1530.700  18 4 10 14 16 43.000
-1525.413  18 4 10 14 16 44.000
-1536.702  18 4 10 14 16 45.000
-1529.216  18 4 10 14 16 46.000
-1534.804  18 4 10 14 16 47.000
-1533.854  18 4 10 14 16 48.000
-1538.354  18 4 10 14 16 49.000
-1534.545  18 4 10 14 16 50.000
-1540.826  18 4 10 14 16 51.000
-1537.482  18 4 10 14 16 52.000
-1534.083  18 4 10 14 16 53.000
-1542.182  18 4 10 14 16 54.000
-1535.486  18 4 10 14 16 55.000
-1539.080  18 4 10 14 16 56.000
-1536.278  18 4 10 14 16 57.000
-1536.278  18 4 10 14 16 58.000
-1533.147  18 4 10 14 16 59.000
-1540.188  18 4 10 14 17 0.000
-1529.037  18 4 10 14 17 1.000
-1536.658  18 4 10 14 17 2.000
-1541.140  18 4 10 14 17 3.000
-1537.841  18 4 10 14 17 4.000
-1543.941  18 4 10 14 17 5.000
-1535.316  18 4 10 14 17 6.000
-1536.662  18 4 10 14 17 7.000
-1539.531  18 4 10 14 17 8.000
-1537.542  18 4 10 14 17 9.000
