 -206.879  18 4 5 12 36 1.995
 -209.146  18 4 5 12 36 1.995
 -206.212  18 4 5 12 36 1.995
 -207.911  18 4 5 12 36 1.995
 -202.851  18 4 5 12 36 2.995
 -201.674  18 4 5 12 36 3.995
 -201.674  18 4 5 12 36 4.995
 -204.110  18 4 5 12 36 5.995
 -204.110  18 4 5 12 36 6.995
 -211.319  18 4 5 12 36 7.995
 -211.319  18 4 5 12 36 8.995
 -211.831  18 4 5 12 36 9.995
 -207.468  18 4 5 12 36 10.995
 -203.702  18 4 5 12 36 11.995
 -206.649  18 4 5 12 36 12.995
 -215.023  18 4 5 12 36 13.995
 -207.006  18 4 5 12 36 14.995
 -207.923  18 4 5 12 36 15.995
 -215.398  18 4 5 12 36 16.995
 -212.486  18 4 5 12 36 17.995
 -217.716  18 4 5 12 36 18.995
 -214.160  18 4 5 12 36 19.995
 -215.138  18 4 5 12 36 20.995
 -206.676  18 4 5 12 36 21.995
 -217.035  18 4 5 12 36 22.995
 -215.266  18 4 5 12 36 23.995
 -220.143  18 4 5 12 36 24.995
 -219.338  18 4 5 12 36 25.995
 -216.358  18 4 5 12 36 26.995
 -208.343  18 4 5 12 36 27.995
 -210.730  18 4 5 12 36 28.995
 -213.160  18 4 5 12 36 29.995
 -212.880  18 4 5 12 36 30.995
 -213.222  18 4 5 12 36 31.995
 -222.397  18 4 5 12 36 32.995
 -213.960  18 4 5 12 36 33.995
 -209.199  18 4 5 12 36 34.995
 -212.718  18 4 5 12 36 35.995
 -213.455  18 4 5 12 36 36.995
 -211.842  18 4 5 12 36 37.995
 -208.433  18 4 5 12 36 38.995
 -223.223  18 4 5 12 36 39.995
 -206.014  18 4 5 12 36 40.995
 -220.954  18 4 5 12 36 41.995
