PRN | MEASURED | CALCULATED | DIFFERENCE | Y M D H M S
  4   -3134.46     -2696.88      -437.58  18 5 11 14 16 45.995
  4   -3135.95     -2696.88     -439.066  18 5 11 14 16 45.995
  4   -3133.02     -2696.88     -436.137  18 5 11 14 16 45.995
  4   -3136.42     -2696.88     -439.541  18 5 11 14 16 45.995
  4   -3135.84     -2696.88     -438.959  18 5 11 14 16 45.995
  4   -3136.99     -2696.88     -440.107  18 5 11 14 16 45.995
  4   -3135.84     -2697.24     -438.604  18 5 11 14 16 46.995
  4   -3137.69      -2697.6     -440.088  18 5 11 14 16 47.995
  4   -3136.89     -2697.96     -438.932  18 5 11 14 16 48.995
  4   -3136.99     -2698.31     -438.673  18 5 11 14 16 49.995
  4   -3137.92     -2698.67     -439.253  18 5 11 14 16 50.995
  4    -3138.5     -2699.03     -439.473  18 5 11 14 16 51.995
  4   -3138.07     -2699.39     -438.682  18 5 11 14 16 52.995
  4   -3136.03     -2699.74     -436.286  18 5 11 14 16 53.995
  4   -3139.64      -2700.1     -439.544  18 5 11 14 16 54.995
  4   -3138.81     -2700.46     -438.356  18 5 11 14 16 55.995
  4   -3139.32     -2700.81     -438.502  18 5 11 14 16 56.995
  4   -3139.77     -2701.17     -438.603  18 5 11 14 16 57.995
  4   -3139.87     -2701.53     -438.342  18 5 11 14 16 58.995
  4   -3139.76     -2701.88     -437.879  18 5 11 14 16 59.995
  4   -3140.51     -2702.24     -438.275  18 5 11 14 17 0.995
  4   -3140.49      -2702.6     -437.893  18 5 11 14 17 1.995
  4   -3141.96     -2702.95     -439.009  18 5 11 14 17 2.995
  4   -3142.83     -2703.31     -439.525  18 5 11 14 17 3.995
  4   -3142.18     -2703.66      -438.52  18 5 11 14 17 4.995
  4   -3141.52     -2704.02       -437.5  18 5 11 14 17 5.995
  4    -3142.1     -2704.38     -437.724  18 5 11 14 17 6.995
  4   -3142.06     -2704.73     -437.325  18 5 11 14 17 7.995
  4   -3142.59     -2705.09     -437.503  18 5 11 14 17 8.995
  4    -3142.6     -2705.44     -437.155  18 5 11 14 17 9.995
  4   -3142.16      -2705.8     -436.367  18 5 11 14 17 10.995
  4   -3142.89     -2706.15     -436.734  18 5 11 14 17 11.995
  4   -3143.42     -2706.51     -436.909  18 5 11 14 17 12.995
  4   -3142.92     -2706.86     -436.053  18 5 11 14 17 13.995
  4   -3144.28     -2707.22     -437.062  18 5 11 14 17 14.995
  4   -3145.07     -2707.57     -437.494  18 5 11 14 17 15.995
  4   -3144.97     -2707.93     -437.045  18 5 11 14 17 16.995
  4    -3145.2     -2708.28     -436.912  18 5 11 14 17 17.995
  4      -3146     -2708.64     -437.361  18 5 11 14 17 18.995
  4   -3146.97     -2708.99     -437.977  18 5 11 14 17 19.995
  4   -3146.42     -2709.35     -437.071  18 5 11 14 17 20.995
  4   -3147.38      -2709.7     -437.677  18 5 11 14 17 21.995
  4   -3148.09     -2710.05      -438.03  18 5 11 14 17 22.995
  4   -3148.22     -2710.41     -437.814  18 5 11 14 17 23.995
  4   -3146.95     -2710.76     -436.192  18 5 11 14 17 24.995
  4   -3147.19     -2711.12     -436.076  18 5 11 14 17 25.995
  4   -3147.93     -2711.47     -436.456  18 5 11 14 17 26.995
  4   -3148.02     -2711.82     -436.198  18 5 11 14 17 27.995
  4   -3147.82     -2712.18      -435.64  18 5 11 14 17 28.995
  4   -3149.64     -2712.53     -437.111  18 5 11 14 17 29.995
  4   -3149.64     -2712.88     -436.753  18 5 11 14 17 30.995
  4   -3148.59     -2713.24     -435.348  18 5 11 14 17 31.995
  4   -3149.69     -2713.59     -436.097  18 5 11 14 17 32.995
  4    -3150.6     -2713.94     -436.658  18 5 11 14 17 33.995
  4   -3151.07      -2714.3     -436.777  18 5 11 14 17 34.995
  4   -3149.72     -2714.65     -435.072  18 5 11 14 17 35.995
  4   -3152.01        -2715     -437.002  18 5 11 14 17 36.995
  4    -3152.7     -2715.36     -437.343  18 5 11 14 17 37.995
  4   -3151.63     -2715.71     -435.926  18 5 11 14 17 38.995
  4    -3151.4     -2716.06     -435.343  18 5 11 14 17 39.995
  4   -3152.38     -2716.41     -435.965  18 5 11 14 17 40.995
  4   -3152.37     -2716.76     -435.601  18 5 11 14 17 41.995
  4   -3153.06     -2717.12      -435.94  18 5 11 14 17 42.995
  4   -3153.62     -2717.47      -436.15  18 5 11 14 17 43.995
  4   -3153.55     -2717.82     -435.732  18 5 11 14 17 44.995
  4    -3154.1     -2718.17     -435.928  18 5 11 14 17 45.995
  4   -3153.42     -2718.52     -434.892  18 5 11 14 17 46.995
  4   -3154.14     -2718.88     -435.269  18 5 11 14 17 47.995
  4   -3154.35     -2719.23     -435.119  18 5 11 14 17 48.995
  4   -3153.98     -2719.58     -434.403  18 5 11 14 17 49.995
  4   -3154.49     -2719.93     -434.557  18 5 11 14 17 50.995
  4   -3154.78     -2720.28     -434.498  18 5 11 14 17 51.995
 22   -2918.17     -2579.81     -338.359  18 5 11 14 16 45.995
 22   -2918.36     -2579.81     -338.554  18 5 11 14 16 45.995
 22   -2917.87     -2579.81     -338.061  18 5 11 14 16 45.995
 22   -2918.81     -2580.04     -338.772  18 5 11 14 16 46.995
 22   -2920.08     -2580.27      -339.81  18 5 11 14 16 47.995
 22   -2918.27      -2580.5     -337.768  18 5 11 14 16 48.995
 22   -2918.75     -2580.73     -338.018  18 5 11 14 16 49.995
 22    -2919.5     -2580.96     -338.543  18 5 11 14 16 50.995
 22    -2919.3     -2581.19     -338.115  18 5 11 14 16 51.995
 22   -2918.94     -2581.42     -337.523  18 5 11 14 16 52.995
 22   -2920.56     -2581.65     -338.917  18 5 11 14 16 53.995
 22   -2921.07     -2581.87     -339.198  18 5 11 14 16 54.995
 22   -2919.41      -2582.1     -337.308  18 5 11 14 16 55.995
 22   -2918.23     -2582.33     -335.902  18 5 11 14 16 56.995
 22   -2921.13     -2582.56     -338.571  18 5 11 14 16 57.995
 22   -2921.67     -2582.79     -338.883  18 5 11 14 16 58.995
 22   -2926.02     -2583.02     -343.002  18 5 11 14 16 59.995
 22   -2920.16     -2583.25     -336.909  18 5 11 14 17 0.995
 22   -2919.51     -2583.47     -336.035  18 5 11 14 17 1.995
 22   -2927.69      -2583.7     -343.989  18 5 11 14 17 2.995
 22   -2909.95     -2583.93     -326.021  18 5 11 14 17 3.995
 22   -2917.47     -2584.16     -333.316  18 5 11 14 17 4.995
 22   -2917.69     -2584.39     -333.302  18 5 11 14 17 5.995
 22   -2928.23     -2584.61     -343.611  18 5 11 14 17 6.995
 22   -2916.05     -2584.84     -331.203  18 5 11 14 17 7.995
 22   -2929.46     -2585.07      -344.39  18 5 11 14 17 8.995
 22   -2922.48      -2585.3     -337.181  18 5 11 14 17 9.995
 22    -2919.4     -2585.52     -333.876  18 5 11 14 17 10.995
 22   -2925.19     -2585.75     -339.436  18 5 11 14 17 11.995
 22   -2930.11     -2585.98     -344.126  18 5 11 14 17 12.995
 22   -2925.97     -2586.21     -339.762  18 5 11 14 17 13.995
 22   -2924.04     -2586.43     -337.609  18 5 11 14 17 14.995
 22   -2921.43     -2586.66     -334.771  18 5 11 14 17 15.995
 22   -2921.34     -2586.89     -334.458  18 5 11 14 17 16.995
 22   -2930.18     -2587.11     -343.062  18 5 11 14 17 17.995
 22   -2920.82     -2587.34     -333.475  18 5 11 14 17 18.995
 22   -2921.06     -2587.57     -333.497  18 5 11 14 17 19.995
 22   -2920.68     -2587.79      -332.89  18 5 11 14 17 20.995
 22   -2920.54     -2588.02     -332.523  18 5 11 14 17 21.995
 22   -2925.14     -2588.25     -336.896  18 5 11 14 17 22.995
 22   -2922.29     -2588.47     -333.815  18 5 11 14 17 23.995
 22   -2922.29      -2588.7     -333.589  18 5 11 14 17 24.995
 22   -2925.18     -2588.92     -336.255  18 5 11 14 17 25.995
 22   -2925.18     -2589.15     -336.029  18 5 11 14 17 26.995
 22   -2925.18     -2589.37     -335.804  18 5 11 14 17 27.995
 22   -2925.18      -2589.6     -335.578  18 5 11 14 17 28.995
 22   -2926.99     -2589.82      -337.17  18 5 11 14 17 29.995
 22   -2925.48     -2590.05     -335.429  18 5 11 14 17 30.995
 22   -2926.12     -2590.28     -335.846  18 5 11 14 17 31.995
 22    -2924.9      -2590.5     -334.396  18 5 11 14 17 32.995
 22   -2930.04     -2590.73     -339.315  18 5 11 14 17 33.995
 22   -2930.92     -2590.95     -339.968  18 5 11 14 17 34.995
 22   -2925.77     -2591.17     -334.595  18 5 11 14 17 35.995
 22   -2926.47      -2591.4     -335.066  18 5 11 14 17 36.995
 22    -2935.7     -2591.62     -344.077  18 5 11 14 17 37.995
 22   -2926.59     -2591.85     -334.743  18 5 11 14 17 38.995
 22   -2922.35     -2592.07     -330.274  18 5 11 14 17 39.995
 22   -2931.95      -2592.3     -339.655  18 5 11 14 17 40.995
 22   -2925.07     -2592.52     -332.553  18 5 11 14 17 41.995
 22   -2922.97     -2592.74     -330.228  18 5 11 14 17 42.995
 22   -2928.24     -2592.97     -335.268  18 5 11 14 17 43.995
 22    -2923.7     -2593.19     -330.511  18 5 11 14 17 44.995
 22   -2927.31     -2593.42      -333.89  18 5 11 14 17 45.995
 22   -2924.64     -2593.64     -330.996  18 5 11 14 17 46.995
 22   -2931.24     -2593.86     -337.373  18 5 11 14 17 47.995
 22   -2930.18     -2594.09     -336.095  18 5 11 14 17 48.995
 22   -2926.17     -2594.31     -331.861  18 5 11 14 17 49.995
 22   -2928.13     -2594.53     -333.593  18 5 11 14 17 50.995
 22   -2925.26     -2594.76     -330.504  18 5 11 14 17 51.995
 22    -2935.6     -2594.98     -340.625  18 5 11 14 17 52.995
 22   -2931.64      -2595.2     -336.443  18 5 11 14 17 53.995
 22   -2933.38     -2595.42     -337.952  18 5 11 14 17 54.995
 23     1906.9      2368.74     -461.834  18 5 11 14 17 4.995
 23       1907       2368.4     -461.404  18 5 11 14 17 5.995
 23    1906.45      2368.07     -461.619  18 5 11 14 17 6.995
 23    1904.86      2367.74      -462.88  18 5 11 14 17 7.995
 23    1904.82      2367.41     -462.594  18 5 11 14 17 8.995
 23    1905.35      2367.08     -461.731  18 5 11 14 17 9.995
 23    1904.16      2366.75     -462.583  18 5 11 14 17 10.995
 23    1904.55      2366.42     -461.868  18 5 11 14 17 11.995
 23    1904.45      2366.08     -461.632  18 5 11 14 17 12.995
 23    1902.92      2365.75     -462.836  18 5 11 14 17 13.995
 23    1902.79      2365.42     -462.628  18 5 11 14 17 14.995
 23    1902.66      2365.09     -462.423  18 5 11 14 17 15.995
 23    1903.24      2364.76     -461.513  18 5 11 14 17 16.995
 23    1902.48      2364.42     -461.939  18 5 11 14 17 17.995
 23    1902.06      2364.09     -462.033  18 5 11 14 17 18.995
 23    1901.88      2363.76     -461.877  18 5 11 14 17 19.995
 23    1900.08      2363.43     -463.342  18 5 11 14 17 20.995
 23    1899.89      2363.09     -463.201  18 5 11 14 17 21.995
 23    1900.16      2362.76     -462.604  18 5 11 14 17 22.995
 23    1899.27      2362.43     -463.154  18 5 11 14 17 23.995
 23    1899.28       2362.1     -462.817  18 5 11 14 17 24.995
 23    1898.65      2361.76      -463.11  18 5 11 14 17 25.995
 23    1898.19      2361.43     -463.243  18 5 11 14 17 26.995
 23    1896.71       2361.1     -464.382  18 5 11 14 17 27.995
 23    1895.61      2360.76     -465.149  18 5 11 14 17 28.995
 23    1897.41      2360.43     -463.014  18 5 11 14 17 29.995
 23    1895.99       2360.1     -464.106  18 5 11 14 17 30.995
 23    1896.94      2359.76      -462.82  18 5 11 14 17 31.995
 23    1896.34      2359.43     -463.085  18 5 11 14 17 32.995
 23    1896.22       2359.1     -462.871  18 5 11 14 17 33.995
 23     1894.8      2358.76     -463.958  18 5 11 14 17 34.995
 23     1894.2      2358.43     -464.228  18 5 11 14 17 35.995
 23    1894.39      2358.09     -463.703  18 5 11 14 17 36.995
 23    1893.47      2357.76     -464.291  18 5 11 14 17 37.995
 23     1893.5      2357.43     -463.923  18 5 11 14 17 38.995
 23    1893.45      2357.09     -463.636  18 5 11 14 17 39.995
 23    1893.73      2356.76     -463.025  18 5 11 14 17 40.995
 23    1891.37      2356.42     -465.057  18 5 11 14 17 41.995
 23    1891.64      2356.09     -464.444  18 5 11 14 17 42.995
 23    1891.18      2355.75     -464.573  18 5 11 14 17 43.995
 23    1890.91      2355.42     -464.504  18 5 11 14 17 44.995
 23    1890.39      2355.08      -464.69  18 5 11 14 17 45.995
 23    1890.03      2354.75     -464.715  18 5 11 14 17 46.995
 23    1889.93      2354.41     -464.487  18 5 11 14 17 47.995
 23    1888.31      2354.08     -465.774  18 5 11 14 17 48.995
 23    1888.23      2353.74     -465.514  18 5 11 14 17 49.995
 23    1887.76      2353.41     -465.648  18 5 11 14 17 50.995
 23    1888.23      2353.07     -464.842  18 5 11 14 17 51.995
 23     1887.4      2352.74      -465.34  18 5 11 14 17 52.995
 23    1886.68       2352.4     -465.726  18 5 11 14 17 53.995
 23    1887.23      2352.07     -464.835  18 5 11 14 17 54.995
 23    1887.59      2351.73     -464.137  18 5 11 14 17 55.995
 23    1885.73      2351.39     -465.664  18 5 11 14 17 56.995
 26   -2314.75     -1820.73     -494.021  18 5 11 14 16 45.995
 26   -2316.36     -1820.73     -495.637  18 5 11 14 16 45.995
 26   -2314.92     -1820.73     -494.195  18 5 11 14 16 45.995
 26    -2316.3     -1820.73      -495.57  18 5 11 14 16 45.995
 26   -2317.16     -1820.73     -496.432  18 5 11 14 16 45.995
 26   -2315.79     -1820.73     -495.058  18 5 11 14 16 45.995
 26   -2316.44     -1820.73      -495.71  18 5 11 14 16 45.995
 26   -2317.24     -1821.15     -496.091  18 5 11 14 16 46.995
 26   -2317.74     -1821.58     -496.158  18 5 11 14 16 47.995
 26   -2318.16        -1822     -496.156  18 5 11 14 16 48.995
 26   -2318.78     -1822.43     -496.352  18 5 11 14 16 49.995
 26   -2319.01     -1822.85     -496.161  18 5 11 14 16 50.995
 26   -2318.57     -1823.28     -495.293  18 5 11 14 16 51.995
 26   -2318.89      -1823.7     -495.186  18 5 11 14 16 52.995
 26   -2320.16     -1824.13     -496.029  18 5 11 14 16 53.995
 26    -2319.7     -1824.55      -495.15  18 5 11 14 16 54.995
 26   -2321.17     -1824.97     -496.196  18 5 11 14 16 55.995
 26   -2321.19      -1825.4     -495.795  18 5 11 14 16 56.995
 26   -2321.74     -1825.82     -495.921  18 5 11 14 16 57.995
 26   -2320.98     -1826.25     -494.735  18 5 11 14 16 58.995
 26   -2322.51     -1826.67     -495.835  18 5 11 14 16 59.995
 26   -2322.71     -1827.09     -495.619  18 5 11 14 17 0.995
 26   -2323.96     -1827.52     -496.445  18 5 11 14 17 1.995
 26   -2324.22     -1827.94     -496.279  18 5 11 14 17 2.995
 26   -2324.49     -1828.36     -496.128  18 5 11 14 17 3.995
 26   -2324.64     -1828.79     -495.851  18 5 11 14 17 4.995
 26   -2323.96     -1829.21     -494.747  18 5 11 14 17 5.995
 26   -2324.08     -1829.64     -494.445  18 5 11 14 17 6.995
 26    -2325.8     -1830.06     -495.742  18 5 11 14 17 7.995
 26   -2325.61     -1830.48     -495.128  18 5 11 14 17 8.995
 26   -2325.51      -1830.9     -494.605  18 5 11 14 17 9.995
 26   -2325.86     -1831.33     -494.537  18 5 11 14 17 10.995
 26   -2325.24     -1831.75     -493.493  18 5 11 14 17 11.995
 26   -2326.16     -1832.17     -493.982  18 5 11 14 17 12.995
 26   -2326.39      -1832.6     -493.789  18 5 11 14 17 13.995
 26   -2328.26     -1833.02     -495.239  18 5 11 14 17 14.995
 26   -2328.29     -1833.44     -494.848  18 5 11 14 17 15.995
 26   -2328.88     -1833.86     -495.018  18 5 11 14 17 16.995
 26   -2328.77     -1834.29     -494.484  18 5 11 14 17 17.995
 26   -2329.78     -1834.71     -495.069  18 5 11 14 17 18.995
 26    -2329.3     -1835.13     -494.174  18 5 11 14 17 19.995
 26   -2329.97     -1835.55     -494.421  18 5 11 14 17 20.995
 26   -2331.59     -1835.97     -495.621  18 5 11 14 17 21.995
 26   -2331.66      -1836.4     -495.262  18 5 11 14 17 22.995
 26   -2331.22     -1836.82     -494.399  18 5 11 14 17 23.995
 26   -2331.06     -1837.24      -493.82  18 5 11 14 17 24.995
 26   -2331.84     -1837.66     -494.174  18 5 11 14 17 25.995
 26   -2332.75     -1838.08     -494.664  18 5 11 14 17 26.995
 26   -2331.78      -1838.5     -493.274  18 5 11 14 17 27.995
 26   -2333.06     -1838.93     -494.136  18 5 11 14 17 28.995
 26   -2333.89     -1839.35     -494.538  18 5 11 14 17 29.995
 26   -2333.05     -1839.77     -493.277  18 5 11 14 17 30.995
 26   -2334.17     -1840.19     -493.978  18 5 11 14 17 31.995
 26    -2335.2     -1840.61     -494.586  18 5 11 14 17 32.995
 26   -2335.16     -1841.03     -494.127  18 5 11 14 17 33.995
 26   -2333.86     -1841.45     -492.403  18 5 11 14 17 34.995
 26   -2336.09     -1841.87     -494.217  18 5 11 14 17 35.995
 26   -2338.57     -1842.29     -496.281  18 5 11 14 17 36.995
 26   -2336.72     -1842.71     -494.005  18 5 11 14 17 37.995
 26    -2335.7     -1843.14     -492.569  18 5 11 14 17 38.995
 26   -2359.38     -1843.56     -515.828  18 5 11 14 17 39.995
 26   -2349.47     -1843.98      -505.49  18 5 11 14 17 40.995
 26   -2334.27      -1844.4     -489.877  18 5 11 14 17 41.995
 26   -2336.45     -1844.82     -491.629  18 5 11 14 17 42.995
 26   -2341.09     -1845.24     -495.857  18 5 11 14 17 43.995
 26   -2324.74     -1845.66     -479.079  18 5 11 14 17 44.995
 26   -2338.37     -1846.08     -492.289  18 5 11 14 17 45.995
 26   -2334.74      -1846.5     -488.239  18 5 11 14 17 46.995
 26   -2339.57     -1846.92     -492.648  18 5 11 14 17 47.995
 26   -2339.15     -1847.34     -491.812  18 5 11 14 17 48.995
 26   -2340.58     -1847.76     -492.825  18 5 11 14 17 49.995
 26   -2340.69     -1848.18     -492.516  18 5 11 14 17 50.995
 27    3042.32      3385.01     -342.687  18 5 11 14 16 45.995
 27    3041.79      3384.86     -343.066  18 5 11 14 16 46.995
 27    3043.01      3384.71     -341.704  18 5 11 14 16 47.995
 27    3041.56      3384.57     -343.005  18 5 11 14 16 48.995
 27    3040.64      3384.42     -343.776  18 5 11 14 16 49.995
 27    3041.58      3384.27     -342.695  18 5 11 14 16 50.995
 27    3041.44      3384.13     -342.682  18 5 11 14 16 51.995
 27    3041.08      3383.98     -342.895  18 5 11 14 16 52.995
 27    3040.99      3383.83     -342.842  18 5 11 14 16 53.995
 27    3040.48      3383.68     -343.203  18 5 11 14 16 54.995
 27    3039.68      3383.54     -343.852  18 5 11 14 16 55.995
 27    3038.87      3383.39     -344.516  18 5 11 14 16 56.995
 27    3039.87      3383.24     -343.373  18 5 11 14 16 57.995
 27    3039.97      3383.09     -343.121  18 5 11 14 16 58.995
 27    3038.44      3382.94     -344.507  18 5 11 14 16 59.995
 27    3038.06      3382.79     -344.731  18 5 11 14 17 0.995
 27    3038.97      3382.65     -343.675  18 5 11 14 17 1.995
 27    3038.24       3382.5     -344.261  18 5 11 14 17 2.995
 27    3038.22      3382.35     -344.133  18 5 11 14 17 3.995
 27    3038.25       3382.2      -343.95  18 5 11 14 17 4.995
 27    3037.96      3382.05     -344.094  18 5 11 14 17 5.995
 27    3037.14       3381.9     -344.758  18 5 11 14 17 6.995
 27    3036.21      3381.75     -345.541  18 5 11 14 17 7.995
 27    3036.09       3381.6     -345.509  18 5 11 14 17 8.995
 27    3036.04      3381.45     -345.418  18 5 11 14 17 9.995
 27    3036.52       3381.3     -344.783  18 5 11 14 17 10.995
 27    3035.94      3381.16     -345.215  18 5 11 14 17 11.995
 27    3036.44      3381.01     -344.561  18 5 11 14 17 12.995
 27    3034.85      3380.86     -346.007  18 5 11 14 17 13.995
 27    3035.42      3380.71     -345.282  18 5 11 14 17 14.995
 27    3035.55      3380.56     -345.008  18 5 11 14 17 15.995
 27    3035.54       3380.4     -344.861  18 5 11 14 17 16.995
 27    3035.31      3380.25      -344.94  18 5 11 14 17 17.995
 27    3035.56       3380.1      -344.54  18 5 11 14 17 18.995
 27    3034.52      3379.95     -345.432  18 5 11 14 17 19.995
 27    3033.72       3379.8     -346.087  18 5 11 14 17 20.995
 27    3033.32      3379.65     -346.328  18 5 11 14 17 21.995
 27    3033.57       3379.5     -345.932  18 5 11 14 17 22.995
 27    3033.44      3379.35     -345.909  18 5 11 14 17 23.995
 27    3032.68       3379.2     -346.518  18 5 11 14 17 24.995
 27    3033.23      3379.05     -345.814  18 5 11 14 17 25.995
 27    3031.85       3378.9     -347.043  18 5 11 14 17 26.995
 27    3030.96      3378.74     -347.788  18 5 11 14 17 27.995
 27    3030.45      3378.59     -348.139  18 5 11 14 17 28.995
 27    3032.18      3378.44     -346.261  18 5 11 14 17 29.995
 27    3032.07      3378.29     -346.213  18 5 11 14 17 30.995
 27    3031.34      3378.14     -346.793  18 5 11 14 17 31.995
 27    3031.29      3377.98     -346.694  18 5 11 14 17 32.995
 27    3031.19      3377.83     -346.638  18 5 11 14 17 33.995
 27    3030.23      3377.68     -347.451  18 5 11 14 17 34.995
 27    3029.83      3377.53     -347.694  18 5 11 14 17 35.995
 27    3030.43      3377.37     -346.947  18 5 11 14 17 36.995
 27    3029.58      3377.22     -347.643  18 5 11 14 17 37.995
 27    3028.89      3377.07     -348.183  18 5 11 14 17 38.995
 27    3028.64      3376.91     -348.272  18 5 11 14 17 39.995
 27    3029.89      3376.76     -346.876  18 5 11 14 17 40.995
 27    3027.81      3376.61     -348.795  18 5 11 14 17 41.995
 27    3027.57      3376.45     -348.889  18 5 11 14 17 42.995
 27    3027.75       3376.3     -348.549  18 5 11 14 17 43.995
 27    3027.98      3376.15     -348.166  18 5 11 14 17 44.995
 27    3027.43      3375.99     -348.561  18 5 11 14 17 45.995
 27    3027.42      3375.84     -348.423  18 5 11 14 17 46.995
 27    3027.24      3375.69     -348.448  18 5 11 14 17 47.995
 27    3025.84      3375.53     -349.687  18 5 11 14 17 48.995
 27    3025.94      3375.38     -349.437  18 5 11 14 17 49.995
 27    3025.85      3375.22     -349.375  18 5 11 14 17 50.995
 27    3025.94      3375.07     -349.132  18 5 11 14 17 51.995
 27    3025.32      3374.91     -349.591  18 5 11 14 17 52.995
 27    3024.93      3374.76     -349.832  18 5 11 14 17 53.995
 27    3026.09       3374.6      -348.51  18 5 11 14 17 54.995
 27    3025.39      3374.45      -349.06  18 5 11 14 17 55.995
 27    3025.33      3374.29     -348.963  18 5 11 14 17 56.995
 29   -2655.72     -2114.75     -540.971  18 5 11 14 16 45.995
 29   -2656.25     -2114.75     -541.493  18 5 11 14 16 45.995
 29   -2655.94     -2114.75     -541.188  18 5 11 14 16 45.995
 29   -2657.69     -2114.75     -542.933  18 5 11 14 16 45.995
 29   -2657.39     -2114.75     -542.638  18 5 11 14 16 45.995
 29    -2657.4     -2114.75     -542.649  18 5 11 14 16 45.995
 29   -2657.85     -2114.75       -543.1  18 5 11 14 16 45.995
 29   -2658.08     -2114.75      -543.33  18 5 11 14 16 45.995
 29   -2658.16     -2115.24     -542.918  18 5 11 14 16 46.995
 29   -2658.56     -2115.73     -542.835  18 5 11 14 16 47.995
 29   -2660.62     -2116.22     -544.407  18 5 11 14 16 48.995
 29    -2660.4     -2116.71     -543.693  18 5 11 14 16 49.995
 29    -2659.9     -2117.19     -542.702  18 5 11 14 16 50.995
 29   -2660.31     -2117.68     -542.625  18 5 11 14 16 51.995
 29   -2661.91     -2118.17     -543.739  18 5 11 14 16 52.995
 29   -2662.59     -2118.66     -543.931  18 5 11 14 16 53.995
 29   -2662.64     -2119.15     -543.494  18 5 11 14 16 54.995
 29   -2663.59     -2119.63     -543.952  18 5 11 14 16 55.995
 29   -2663.26     -2120.12     -543.134  18 5 11 14 16 56.995
 29    -2662.7     -2120.61     -542.096  18 5 11 14 16 57.995
 29   -2663.87      -2121.1     -542.776  18 5 11 14 16 58.995
 29   -2664.78     -2121.58     -543.194  18 5 11 14 16 59.995
 29   -2666.16     -2122.07     -544.083  18 5 11 14 17 0.995
 29   -2666.72     -2122.56     -544.156  18 5 11 14 17 1.995
 29   -2665.86     -2123.05     -542.813  18 5 11 14 17 2.995
 29   -2666.43     -2123.53     -542.901  18 5 11 14 17 3.995
 29   -2666.11     -2124.02     -542.092  18 5 11 14 17 4.995
 29   -2666.15     -2124.51     -541.643  18 5 11 14 17 5.995
 29   -2668.67        -2125     -543.672  18 5 11 14 17 6.995
 29   -2667.49     -2125.48     -542.013  18 5 11 14 17 7.995
 29   -2667.73     -2125.97     -541.765  18 5 11 14 17 8.995
 29    -2669.2     -2126.46     -542.742  18 5 11 14 17 9.995
 29   -2669.56     -2126.94     -542.615  18 5 11 14 17 10.995
 29   -2669.19     -2127.43     -541.759  18 5 11 14 17 11.995
 29   -2669.32     -2127.92     -541.408  18 5 11 14 17 12.995
 29   -2670.41      -2128.4     -542.007  18 5 11 14 17 13.995
 29   -2670.31     -2128.89     -541.419  18 5 11 14 17 14.995
 29   -2671.43     -2129.38     -542.058  18 5 11 14 17 15.995
 29   -2671.32     -2129.86     -541.459  18 5 11 14 17 16.995
 29   -2672.66     -2130.35     -542.313  18 5 11 14 17 17.995
 29   -2672.26     -2130.83     -541.431  18 5 11 14 17 18.995
 29   -2673.59     -2131.32     -542.268  18 5 11 14 17 19.995
 29    -2675.2     -2131.81     -543.391  18 5 11 14 17 20.995
 29   -2675.67     -2132.29     -543.375  18 5 11 14 17 21.995
 29   -2674.49     -2132.78     -541.713  18 5 11 14 17 22.995
 29   -2674.57     -2133.26     -541.305  18 5 11 14 17 23.995
 29   -2675.65     -2133.75     -541.904  18 5 11 14 17 24.995
 29    -2675.8     -2134.23     -541.565  18 5 11 14 17 25.995
 29   -2675.31     -2134.72     -540.593  18 5 11 14 17 26.995
 29   -2676.82     -2135.21     -541.619  18 5 11 14 17 27.995
 29   -2677.16     -2135.69     -541.472  18 5 11 14 17 28.995
 29   -2677.47     -2136.18     -541.297  18 5 11 14 17 29.995
 29      -2678     -2136.66     -541.342  18 5 11 14 17 30.995
 29   -2678.88     -2137.15     -541.737  18 5 11 14 17 31.995
 29   -2679.16     -2137.63     -541.528  18 5 11 14 17 32.995
 29   -2678.61     -2138.12      -540.49  18 5 11 14 17 33.995
 29   -2679.96      -2138.6     -541.355  18 5 11 14 17 34.995
 29   -2681.92     -2139.09     -542.835  18 5 11 14 17 35.995
 29   -2680.47     -2139.57     -540.894  18 5 11 14 17 36.995
 29   -2680.98     -2140.06      -540.92  18 5 11 14 17 37.995
 29    -2681.8     -2140.54     -541.255  18 5 11 14 17 38.995
 29    -2681.6     -2141.03     -540.572  18 5 11 14 17 39.995
 29   -2682.87     -2141.51      -541.36  18 5 11 14 17 40.995
 29   -2684.01        -2142     -542.017  18 5 11 14 17 41.995
 29   -2683.85     -2142.48     -541.369  18 5 11 14 17 42.995
 29   -2683.82     -2142.96     -540.852  18 5 11 14 17 43.995
 29   -2684.07     -2143.45     -540.623  18 5 11 14 17 44.995
 29   -2684.92     -2143.93      -540.99  18 5 11 14 17 45.995
 29   -2685.41     -2144.42     -540.994  18 5 11 14 17 46.995
 29   -2685.15      -2144.9     -540.245  18 5 11 14 17 47.995
 29   -2685.29     -2145.38     -539.903  18 5 11 14 17 48.995
 29   -2685.62     -2145.87     -539.749  18 5 11 14 17 49.995
 31   -2451.44     -2208.63     -242.807  18 5 11 14 16 45.995
 31   -2452.54     -2208.63     -243.907  18 5 11 14 16 45.995
 31   -2450.77     -2208.69     -242.085  18 5 11 14 16 46.995
 31   -2451.46     -2208.74     -242.717  18 5 11 14 16 47.995
 31   -2452.59     -2208.79       -243.8  18 5 11 14 16 48.995
 31   -2451.16     -2208.85     -242.317  18 5 11 14 16 49.995
 31    -2451.3      -2208.9     -242.401  18 5 11 14 16 50.995
 31   -2451.34     -2208.95     -242.388  18 5 11 14 16 51.995
 31   -2451.86     -2209.01     -242.851  18 5 11 14 16 52.995
 31   -2451.28     -2209.06     -242.217  18 5 11 14 16 53.995
 31   -2452.07     -2209.11      -242.96  18 5 11 14 16 54.995
 31   -2452.35     -2209.17      -243.18  18 5 11 14 16 55.995
 31   -2451.66     -2209.22     -242.446  18 5 11 14 16 56.995
 31   -2451.24     -2209.27     -241.966  18 5 11 14 16 57.995
 31   -2452.67     -2209.33     -243.341  18 5 11 14 16 58.995
 31   -2453.54     -2209.38     -244.159  18 5 11 14 16 59.995
 31    -2452.2     -2209.43     -242.772  18 5 11 14 17 0.995
 31   -2452.61     -2209.49     -243.128  18 5 11 14 17 1.995
 31    -2452.6     -2209.54     -243.062  18 5 11 14 17 2.995
 31   -2452.12     -2209.59     -242.532  18 5 11 14 17 3.995
 31   -2452.14     -2209.65     -242.494  18 5 11 14 17 4.995
 31   -2452.78      -2209.7     -243.077  18 5 11 14 17 5.995
 31   -2453.67     -2209.75     -243.917  18 5 11 14 17 6.995
 31   -2453.26     -2209.81     -243.456  18 5 11 14 17 7.995
 31   -2453.36     -2209.86     -243.504  18 5 11 14 17 8.995
 31   -2452.89     -2209.91     -242.978  18 5 11 14 17 9.995
 31   -2452.68     -2209.97     -242.712  18 5 11 14 17 10.995
 31   -2452.31     -2210.02     -242.288  18 5 11 14 17 11.995
 31   -2453.86     -2210.07     -243.789  18 5 11 14 17 12.995
 31   -2453.16     -2210.13     -243.035  18 5 11 14 17 13.995
 31   -2452.75     -2210.18     -242.568  18 5 11 14 17 14.995
 31   -2452.38     -2210.23     -242.148  18 5 11 14 17 15.995
 31   -2452.34     -2210.29     -242.052  18 5 11 14 17 16.995
 31   -2452.28     -2210.34     -241.936  18 5 11 14 17 17.995
 31   -2452.91     -2210.39     -242.513  18 5 11 14 17 18.995
 31   -2454.07     -2210.45     -243.623  18 5 11 14 17 19.995
 31   -2453.41      -2210.5     -242.909  18 5 11 14 17 20.995
 31   -2453.39     -2210.55     -242.835  18 5 11 14 17 21.995
 31    -2453.4     -2210.61      -242.79  18 5 11 14 17 22.995
 31   -2453.98     -2210.66     -243.323  18 5 11 14 17 23.995
 31   -2453.43     -2210.71      -242.72  18 5 11 14 17 24.995
 31   -2454.39     -2210.77     -243.618  18 5 11 14 17 25.995
 31    -2455.4     -2210.82     -244.581  18 5 11 14 17 26.995
 31   -2455.63     -2210.87     -244.758  18 5 11 14 17 27.995
 31   -2453.67     -2210.93     -242.744  18 5 11 14 17 28.995
 31   -2453.47     -2210.98     -242.494  18 5 11 14 17 29.995
 31   -2453.82     -2211.03     -242.787  18 5 11 14 17 30.995
 31   -2453.68     -2211.09     -242.598  18 5 11 14 17 31.995
 31   -2453.51     -2211.14     -242.369  18 5 11 14 17 32.995
 31   -2454.49     -2211.19       -243.3  18 5 11 14 17 33.995
 31      -2455     -2211.25     -243.749  18 5 11 14 17 34.995
 31   -2454.09      -2211.3     -242.792  18 5 11 14 17 35.995
 31   -2454.68     -2211.35      -243.33  18 5 11 14 17 36.995
 31   -2455.17     -2211.41     -243.765  18 5 11 14 17 37.995
 31   -2454.85     -2211.46     -243.389  18 5 11 14 17 38.995
 31    -2453.6     -2211.51     -242.089  18 5 11 14 17 39.995
 31   -2455.55     -2211.57      -243.98  18 5 11 14 17 40.995
 31   -2455.77     -2211.62     -244.152  18 5 11 14 17 41.995
 31   -2455.06     -2211.67     -243.384  18 5 11 14 17 42.995
 31   -2455.01     -2211.73     -243.283  18 5 11 14 17 43.995
 31   -2455.18     -2211.78     -243.397  18 5 11 14 17 44.995
 31   -2455.07     -2211.83      -243.24  18 5 11 14 17 45.995
 31   -2455.11     -2211.89     -243.223  18 5 11 14 17 46.995
 31   -2456.13     -2211.94     -244.191  18 5 11 14 17 47.995
 31    -2455.9     -2211.99     -243.908  18 5 11 14 17 48.995
 31   -2455.93     -2212.05     -243.882  18 5 11 14 17 49.995
 31   -2455.34      -2212.1     -243.246  18 5 11 14 17 50.995
 31    -2455.9     -2212.15     -243.743  18 5 11 14 17 51.995
 31   -2456.04     -2212.21     -243.836  18 5 11 14 17 52.995
 31   -2455.13     -2212.26     -242.869  18 5 11 14 17 53.995
 31   -2455.14     -2212.31     -242.832  18 5 11 14 17 54.995
 31   -2455.63     -2212.37     -243.262  18 5 11 14 17 55.995
